    0.7240996868D-03    0.2786193221D+04    0.5385238700D+01    0.2273492027D+09    0.1985807237D+09
    0.8488974374D-03    0.2790408288D+04    0.4937730321D+01    0.2014854956D+09    0.1980321014D+09
    0.9737233545D-03    0.2788619125D+04    0.5840618337D+01    0.1817650262D+09    0.1963124260D+09
    0.1098541501D-02    0.2789148876D+04    0.6054546305D+01    0.1826786826D+09    0.1950682608D+09
    0.1223362795D-02    0.2788966309D+04    0.6021279512D+01    0.1821132046D+09    0.1951084049D+09
    0.1348182205D-02    0.2789008243D+04    0.6018343395D+01    0.1822702418D+09    0.1950965912D+09
    0.1472999879D-02    0.2789050493D+04    0.6000780013D+01    0.1821352559D+09    0.1947813297D+09
    0.1597816997D-02    0.2789085817D+04    0.5996914836D+01    0.1823807925D+09    0.1946765075D+09
    0.1722637693D-02    0.2789075367D+04    0.5982208780D+01    0.1827841980D+09    0.1949118754D+09
    0.1847463022D-02    0.2788925904D+04    0.5999683723D+01    0.1832959002D+09    0.1950640950D+09
    0.1972290619D-02    0.2788868319D+04    0.5999257965D+01    0.1832086108D+09    0.1946630523D+09
    0.2097118089D-02    0.2788824568D+04    0.5993254395D+01    0.1827719726D+09    0.1941240556D+09
    0.2221942534D-02    0.2788873971D+04    0.6006291211D+01    0.1823944876D+09    0.1936961404D+09
    0.2346763500D-02    0.2788959775D+04    0.6014609320D+01    0.1822682149D+09    0.1935289522D+09
    0.2471581963D-02    0.2789029444D+04    0.6018955171D+01    0.1823598279D+09    0.1936545604D+09
    0.2596399933D-02    0.2789071597D+04    0.6029262301D+01    0.1823436966D+09    0.1938252879D+09
    0.2721220356D-02    0.2789051499D+04    0.6033615215D+01    0.1822955147D+09    0.1939809339D+09
    0.2846048119D-02    0.2788961959D+04    0.6047988941D+01    0.1820257079D+09    0.1940361048D+09
    0.2970883042D-02    0.2788723527D+04    0.6053705465D+01    0.1816548699D+09    0.1941101721D+09
    0.3095720004D-02    0.2788642046D+04    0.6058677293D+01    0.1812587947D+09    0.1940672823D+09
    0.3220556441D-02    0.2788632391D+04    0.6056507714D+01    0.1808488314D+09    0.1939388860D+09
    0.3345389999D-02    0.2788665535D+04    0.6054140177D+01    0.1806102377D+09    0.1938937750D+09
    0.3470219048D-02    0.2788760984D+04    0.6042313818D+01    0.1806604890D+09    0.1938913259D+09
    0.3595043818D-02    0.2788867036D+04    0.6027193072D+01    0.1809524630D+09    0.1940663382D+09
    0.3719865148D-02    0.2788952198D+04    0.6012140311D+01    0.1812128057D+09    0.1941300031D+09
    0.3844686013D-02    0.2789020711D+04    0.6001336516D+01    0.1816825245D+09    0.1943036857D+09
    0.3969513281D-02    0.2788973000D+04    0.5998350967D+01    0.1819609424D+09    0.1943096606D+09
    0.4094350957D-02    0.2788734606D+04    0.5993722739D+01    0.1820999861D+09    0.1942329067D+09
    0.4219199046D-02    0.2788507955D+04    0.5995870361D+01    0.1822247161D+09    0.1941328472D+09
    0.4344055359D-02    0.2788269459D+04    0.5997938344D+01    0.1821804499D+09    0.1939113891D+09
    0.4468916862D-02    0.2788140599D+04    0.6002453587D+01    0.1822258787D+09    0.1938395851D+09
    0.4593783629D-02    0.2788037681D+04    0.6009300215D+01    0.1823673719D+09    0.1939309571D+09
    0.4718656989D-02    0.2787905518D+04    0.6018934250D+01    0.1825180746D+09    0.1941320433D+09
    0.4843534740D-02    0.2787743276D+04    0.6010085105D+01    0.1827266260D+09    0.1945141443D+09
    0.4968416326D-02    0.2787709501D+04    0.6019676233D+01    0.1824201791D+09    0.1945611308D+09
    0.5093298781D-02    0.2787572023D+04    0.6030111404D+01    0.1829650162D+09    0.1952428658D+09
    0.5218181927D-02    0.2787670715D+04    0.6035310657D+01    0.1824122048D+09    0.1953011374D+09
    0.5343062719D-02    0.2787541179D+04    0.6044250152D+01    0.1819160592D+09    0.1953022732D+09
    0.5467958559D-02    0.2787775796D+04    0.6057201413D+01    0.1816238822D+09    0.1954845267D+09
    0.5593036129D-02    0.2786869604D+04    0.6066136981D+01    0.1814109792D+09    0.1955250994D+09
    0.5718276751D-02    0.2779685296D+04    0.6037331674D+01    0.1817006627D+09    0.1958301328D+09
    0.5843357718D-02    0.2779613195D+04    0.6043422577D+01    0.1822731446D+09    0.1959115762D+09
    0.5968255745D-02    0.2786790477D+04    0.6009267863D+01    0.1826237320D+09    0.1959625893D+09
    0.6093134049D-02    0.2787757327D+04    0.5985618074D+01    0.1828146222D+09    0.1958380095D+09
    0.6218012030D-02    0.2787670757D+04    0.5974773528D+01    0.1829316450D+09    0.1957408770D+09
    0.6342887445D-02    0.2787771721D+04    0.5971869651D+01    0.1829275129D+09    0.1954535480D+09
    0.6467760150D-02    0.2787785312D+04    0.5965636543D+01    0.1831695429D+09    0.1954366701D+09
    0.6592628512D-02    0.2787892749D+04    0.5969656371D+01    0.1831486829D+09    0.1952632120D+09
    0.6717491769D-02    0.2787979207D+04    0.5976891339D+01    0.1831919039D+09    0.1952403345D+09
    0.6842349681D-02    0.2788120738D+04    0.5981381153D+01    0.1836324424D+09    0.1956660741D+09
    0.6967204031D-02    0.2788217895D+04    0.5994580091D+01    0.1836532320D+09    0.1958582646D+09
    0.7092055195D-02    0.2788279848D+04    0.6003404645D+01    0.1835581497D+09    0.1959922903D+09
    0.7216902161D-02    0.2788360193D+04    0.6017399084D+01    0.1832375954D+09    0.1960757118D+09
    0.7341744960D-02    0.2788467371D+04    0.6026838269D+01    0.1829027424D+09    0.1962052835D+09
    0.7466582524D-02    0.2788546326D+04    0.6043558322D+01    0.1824384337D+09    0.1961919839D+09
    0.7591411770D-02    0.2788701245D+04    0.6047707164D+01    0.1818497227D+09    0.1961536932D+09
    0.7716233249D-02    0.2788917992D+04    0.6052080448D+01    0.1815866513D+09    0.1962502844D+09
    0.7841050931D-02    0.2789048242D+04    0.6044591875D+01    0.1817981702D+09    0.1965236776D+09
    0.7965868771D-02    0.2789087727D+04    0.6030475157D+01    0.1820877092D+09    0.1967055692D+09
    0.8090689224D-02    0.2789041196D+04    0.5999480303D+01    0.1825640748D+09    0.1967393737D+09
    0.8215512696D-02    0.2788970908D+04    0.5977757927D+01    0.1828322314D+09    0.1966779392D+09
    0.8340339352D-02    0.2788906299D+04    0.5959941384D+01    0.1830624194D+09    0.1965713045D+09
    0.8465168922D-02    0.2788828638D+04    0.5948165341D+01    0.1830648666D+09    0.1962848657D+09
    0.8589999352D-02    0.2788776090D+04    0.5941013834D+01    0.1829754965D+09    0.1959020277D+09
    0.8714827848D-02    0.2788790214D+04    0.5938517165D+01    0.1832117103D+09    0.1958480923D+09
    0.8839651561D-02    0.2788862533D+04    0.5938416524D+01    0.1836455583D+09    0.1960872731D+09
    0.8964468867D-02    0.2789003908D+04    0.5942760581D+01    0.1839368777D+09    0.1962755076D+09
    0.9089281743D-02    0.2789148850D+04    0.5948198857D+01    0.1840660736D+09    0.1964156583D+09
    0.9214094120D-02    0.2789201909D+04    0.5955561984D+01    0.1839974776D+09    0.1965202350D+09
    0.9338908915D-02    0.2789171102D+04    0.5969261931D+01    0.1838277790D+09    0.1966579244D+09
    0.9463727680D-02    0.2789093918D+04    0.5982663589D+01    0.1835255504D+09    0.1967723119D+09
    0.9588550856D-02    0.2788993612D+04    0.6001755952D+01    0.1829957475D+09    0.1967314902D+09
    0.9713377643D-02    0.2788896850D+04    0.6012263584D+01    0.1823481019D+09    0.1966564258D+09
    0.9838205796D-02    0.2788832229D+04    0.6026689813D+01    0.1820731922D+09    0.1968823128D+09
    0.9963031460D-02    0.2788835797D+04    0.6028955213D+01    0.1821499015D+09    0.1972687459D+09
    0.1008785161D-01    0.2788943480D+04    0.6025526271D+01    0.1822976920D+09    0.1975101420D+09
    0.1021266663D-01    0.2789081984D+04    0.6011119402D+01    0.1826007314D+09    0.1975300350D+09
    0.1033747932D-01    0.2789173084D+04    0.5990826351D+01    0.1828935137D+09    0.1974725797D+09
    0.1046229289D-01    0.2789185869D+04    0.5972101416D+01    0.1831783041D+09    0.1973999456D+09
    0.1058710932D-01    0.2789134067D+04    0.5954361079D+01    0.1832472464D+09    0.1971948989D+09
    0.1071192893D-01    0.2789057796D+04    0.5943796709D+01    0.1831740873D+09    0.1968904264D+09
    0.1083675104D-01    0.2788992112D+04    0.5934635858D+01    0.1831372643D+09    0.1966092971D+09
    0.1096157421D-01    0.2788945701D+04    0.5926429465D+01    0.1835144793D+09    0.1967695267D+09
    0.1108639520D-01    0.2788945084D+04    0.5921254269D+01    0.1838917924D+09    0.1970581611D+09
    0.1121121105D-01    0.2789043160D+04    0.5920427739D+01    0.1841062003D+09    0.1971985950D+09
    0.1133602224D-01    0.2789174515D+04    0.5918374639D+01    0.1841891062D+09    0.1972825330D+09
    0.1146083234D-01    0.2789251783D+04    0.5904901439D+01    0.1841817947D+09    0.1972949959D+09
    0.1158564457D-01    0.2789222943D+04    0.5920829290D+01    0.1838755844D+09    0.1973536103D+09
    0.1171046070D-01    0.2789156796D+04    0.5920655769D+01    0.1832585161D+09    0.1972234493D+09
    0.1183528084D-01    0.2789048221D+04    0.5927944055D+01    0.1826621270D+09    0.1972724451D+09
    0.1196010385D-01    0.2788978068D+04    0.5941015923D+01    0.1823638010D+09    0.1975978541D+09
    0.1208492833D-01    0.2788919992D+04    0.5952141738D+01    0.1822012152D+09    0.1980658793D+09
    0.1220975098D-01    0.2788912112D+04    0.5958224375D+01    0.1820272187D+09    0.1984597411D+09
    0.1233456895D-01    0.2789001917D+04    0.5953325924D+01    0.1818027139D+09    0.1985624986D+09
    0.1245938312D-01    0.2789120777D+04    0.5935652642D+01    0.1816947129D+09    0.1984674331D+09
    0.1258419633D-01    0.2789172374D+04    0.5905112286D+01    0.1818573876D+09    0.1983635548D+09
    0.1270901119D-01    0.2789163345D+04    0.5873929433D+01    0.1819862248D+09    0.1982109591D+09
    0.1283382890D-01    0.2789098781D+04    0.5843128482D+01    0.1818896921D+09    0.1979415690D+09
    0.1295864918D-01    0.2789035983D+04    0.5817328325D+01    0.1819946472D+09    0.1979721710D+09
    0.1308347106D-01    0.2788983936D+04    0.5799527998D+01    0.1822314064D+09    0.1981512442D+09
    0.1320829297D-01    0.2788964503D+04    0.5786437821D+01    0.1824719173D+09    0.1983894788D+09
    0.1333311222D-01    0.2788982424D+04    0.5775471079D+01    0.1825576304D+09    0.1985132327D+09
    0.1345792731D-01    0.2789083249D+04    0.5761400986D+01    0.1822736200D+09    0.1983617560D+09
    0.1358274035D-01    0.2789168807D+04    0.5753698950D+01    0.1820413810D+09    0.1983542857D+09
    0.1370755429D-01    0.2789174300D+04    0.5743340685D+01    0.1817211104D+09    0.1984526650D+09
    0.1383237104D-01    0.2789129259D+04    0.5746829690D+01    0.1813477202D+09    0.1985714020D+09
    0.1395719136D-01    0.2789048044D+04    0.5740616207D+01    0.1807412674D+09    0.1986764033D+09
    0.1408201483D-01    0.2788969900D+04    0.5738517602D+01    0.1804072192D+09    0.1990393233D+09
    0.1420684006D-01    0.2788907560D+04    0.5730946867D+01    0.1801891641D+09    0.1995331826D+09
    0.1433166504D-01    0.2788891200D+04    0.5724419310D+01    0.1799999723D+09    0.1999546135D+09
    0.1445648720D-01    0.2788918678D+04    0.5731627478D+01    0.1793264623D+09    0.1999983878D+09
    0.1458130575D-01    0.2789017242D+04    0.5717022701D+01    0.1790289637D+09    0.1999651388D+09
    0.1470612293D-01    0.2789079971D+04    0.5689862224D+01    0.1789778263D+09    0.1998931113D+09
    0.1483094099D-01    0.2789078363D+04    0.5669003522D+01    0.1791852940D+09    0.1997807018D+09
    0.1495576118D-01    0.2789040743D+04    0.5643292630D+01    0.1792951427D+09    0.1996249279D+09
    0.1508058368D-01    0.2788982814D+04    0.5633847120D+01    0.1795934799D+09    0.1996018155D+09
    0.1520540812D-01    0.2788938061D+04    0.5609997856D+01    0.1799403603D+09    0.1997441545D+09
    0.1533023291D-01    0.2788895853D+04    0.5593853990D+01    0.1803829057D+09    0.1999310829D+09
    0.1545505461D-01    0.2788922547D+04    0.5585875037D+01    0.1807832370D+09    0.2000000000D+09
    0.1557987136D-01    0.2789033723D+04    0.5609211708D+01    0.1811686761D+09    0.2000000000D+09
    0.1570468389D-01    0.2789143656D+04    0.5650207256D+01    0.1817849710D+09    0.2000000000D+09
    0.1582949510D-01    0.2789222655D+04    0.5749010488D+01    0.1827617913D+09    0.2000000000D+09
    0.1595430743D-01    0.2789202521D+04    0.5783747967D+01    0.1835186907D+09    0.2000000000D+09
    0.1607912252D-01    0.2789172620D+04    0.5873978183D+01    0.1836396716D+09    0.2000000000D+09
    0.1620394073D-01    0.2789079195D+04    0.5929061926D+01    0.1835311301D+09    0.2000000000D+09
    0.1632876093D-01    0.2789033236D+04    0.5999302080D+01    0.1834429287D+09    0.2000000000D+09
    0.1645358013D-01    0.2788990073D+04    0.6040787416D+01    0.1832990044D+09    0.2000000000D+09
    0.1657839461D-01    0.2789078022D+04    0.6073110597D+01    0.1835610337D+09    0.2000000000D+09
    0.1670320424D-01    0.2789201026D+04    0.6085063508D+01    0.1842339062D+09    0.2000000000D+09
    0.1682801116D-01    0.2789294901D+04    0.6095918012D+01    0.1849528698D+09    0.2000000000D+09
    0.1695281839D-01    0.2789322155D+04    0.6093770473D+01    0.1856509909D+09    0.1999147572D+09
    0.1707762712D-01    0.2789280741D+04    0.6087148407D+01    0.1862327874D+09    0.1998408487D+09
    0.1720243750D-01    0.2789255354D+04    0.6076113058D+01    0.1867592403D+09    0.1998621689D+09
    0.1732724911D-01    0.2789207029D+04    0.6075075997D+01    0.1872747838D+09    0.1998724477D+09
    0.1745206037D-01    0.2789200232D+04    0.6079695745D+01    0.1877863514D+09    0.1999070643D+09
    0.1757686880D-01    0.2789222691D+04    0.6086333866D+01    0.1882242291D+09    0.1998500626D+09
    0.1770167242D-01    0.2789327014D+04    0.6092243522D+01    0.1887364590D+09    0.1999074658D+09
    0.1782647322D-01    0.2789437506D+04    0.6102922532D+01    0.1891766231D+09    0.2000000000D+09
    0.1795127410D-01    0.2789452976D+04    0.6130870773D+01    0.1893644124D+09    0.2000000000D+09
    0.1807607706D-01    0.2789433803D+04    0.6172476203D+01    0.1893907234D+09    0.2000000000D+09
    0.1820088316D-01    0.2789360123D+04    0.6232058841D+01    0.1890960068D+09    0.2000000000D+09
    0.1832569235D-01    0.2789293865D+04    0.6294696862D+01    0.1886469824D+09    0.2000000000D+09
    0.1845050350D-01    0.2789221509D+04    0.6355640447D+01    0.1881562906D+09    0.2000000000D+09
    0.1857531295D-01    0.2789206160D+04    0.6398323426D+01    0.1879368673D+09    0.2000000000D+09
    0.1870011812D-01    0.2789297612D+04    0.6422093621D+01    0.1882861675D+09    0.2000000000D+09
    0.1882491881D-01    0.2789397596D+04    0.6417541546D+01    0.1889609975D+09    0.1999691505D+09
    0.1894971711D-01    0.2789498011D+04    0.6406355415D+01    0.1898917823D+09    0.1998959595D+09
    0.1907451561D-01    0.2789504192D+04    0.6391155137D+01    0.1909146713D+09    0.1998228073D+09
    0.1919931519D-01    0.2789489361D+04    0.6392424749D+01    0.1918217941D+09    0.1999428168D+09
    0.1932411658D-01    0.2789455621D+04    0.6396296345D+01    0.1926169348D+09    0.2000000000D+09
    0.1944891881D-01    0.2789408499D+04    0.6420726627D+01    0.1932701380D+09    0.2000000000D+09
    0.1957371933D-01    0.2789418178D+04    0.6470258485D+01    0.1942530979D+09    0.2000000000D+09
    0.1969851474D-01    0.2789484926D+04    0.6542213464D+01    0.1954667970D+09    0.2000000000D+09
    0.1982330358D-01    0.2789646434D+04    0.6630752609D+01    0.1970279316D+09    0.2000000000D+09
    0.1994808714D-01    0.2789778639D+04    0.6778417527D+01    0.1986419622D+09    0.2000000000D+09
    0.2007286685D-01    0.2789882775D+04    0.6984362175D+01    0.2010524413D+09    0.2000000000D+09
    0.2019764316D-01    0.2789950701D+04    0.7267453986D+01    0.2041618864D+09    0.2000000000D+09
    0.2032241461D-01    0.2790034834D+04    0.7618602678D+01    0.2083742581D+09    0.2000000000D+09
    0.2044717816D-01    0.2790167777D+04    0.8055284954D+01    0.2138205064D+09    0.2000000000D+09
    0.2057192936D-01    0.2790388397D+04    0.8608325977D+01    0.2213804599D+09    0.2000000000D+09
    0.2069666146D-01    0.2790720450D+04    0.9279711783D+01    0.2312616561D+09    0.2000000000D+09
    0.2082136659D-01    0.2791242641D+04    0.1013109013D+02    0.2442421220D+09    0.2000000000D+09
    0.2094603905D-01    0.2791928038D+04    0.1116513596D+02    0.2609371340D+09    0.2000000000D+09
    0.2107067479D-01    0.2792705546D+04    0.1244437333D+02    0.2815725856D+09    0.2000000000D+09
    0.2119526908D-01    0.2793573452D+04    0.1401396554D+02    0.3066008823D+09    0.2000000000D+09
    0.2131981536D-01    0.2794564335D+04    0.1593639595D+02    0.3364140496D+09    0.2000000000D+09
    0.2144430509D-01    0.2795727334D+04    0.1823746485D+02    0.3714853929D+09    0.2000000000D+09
    0.2156872819D-01    0.2797103821D+04    0.2095690347D+02    0.4126568939D+09    0.2000000000D+09
    0.2169307281D-01    0.2798722485D+04    0.2408907630D+02    0.4600239680D+09    0.2000000000D+09
    0.2181732678D-01    0.2800635803D+04    0.2768873733D+02    0.5143165718D+09    0.2000000000D+09
    0.2194147900D-01    0.2802807391D+04    0.3171163006D+02    0.5745494956D+09    0.2000000000D+09
    0.2206552122D-01    0.2805228839D+04    0.3624330106D+02    0.6420499008D+09    0.2000000000D+09
    0.2218944730D-01    0.2807780556D+04    0.4114513398D+02    0.7158631577D+09    0.2000000000D+09
    0.2231324988D-01    0.2810489588D+04    0.4647785442D+02    0.7956160663D+09    0.2000000000D+09
    0.2243692107D-01    0.2813384820D+04    0.5217869542D+02    0.8819606337D+09    0.2000000000D+09
    0.2256045259D-01    0.2816465044D+04    0.5824990284D+02    0.9741764243D+09    0.2000000000D+09
    0.2268383567D-01    0.2819749820D+04    0.6465559955D+02    0.1072203948D+10    0.2000000000D+09
    0.2280706119D-01    0.2823246830D+04    0.7138233852D+02    0.1175537233D+10    0.2000000000D+09
    0.2293012098D-01    0.2826964803D+04    0.7839349697D+02    0.1283907941D+10    0.2000000000D+09
    0.2305300981D-01    0.2830856691D+04    0.8566066603D+02    0.1396990936D+10    0.2000000000D+09
    0.2317572552D-01    0.2834836299D+04    0.9314905114D+02    0.1514430785D+10    0.2000000000D+09
    0.2329826651D-01    0.2838849090D+04    0.1008509044D+03    0.1635695955D+10    0.2000000000D+09
    0.2342063058D-01    0.2842926220D+04    0.1087565163D+03    0.1760238390D+10    0.2000000000D+09
    0.2354281557D-01    0.2847064159D+04    0.1168542992D+03    0.1887568083D+10    0.2000000000D+09
    0.2366481870D-01    0.2851265640D+04    0.1251189815D+03    0.2017458341D+10    0.2000000000D+09
    0.2378663633D-01    0.2855558062D+04    0.1335178446D+03    0.2149828699D+10    0.2000000000D+09
    0.2390826420D-01    0.2859956277D+04    0.1420233979D+03    0.2284574677D+10    0.2000000000D+09
    0.2402969993D-01    0.2864475796D+04    0.1506203798D+03    0.2421394450D+10    0.2000000000D+09
    0.2415094490D-01    0.2869012945D+04    0.1593059154D+03    0.2559827468D+10    0.2000000000D+09
    0.2427200170D-01    0.2873496828D+04    0.1680750385D+03    0.2699449483D+10    0.2000000000D+09
    0.2439287205D-01    0.2877939384D+04    0.1769069015D+03    0.2840069590D+10    0.2000000000D+09
    0.2451355620D-01    0.2882367938D+04    0.1857623766D+03    0.2981794917D+10    0.2000000000D+09
    0.2463405375D-01    0.2886827379D+04    0.1946011539D+03    0.3124731014D+10    0.2000000000D+09
    0.2475436443D-01    0.2891301677D+04    0.2034021952D+03    0.3268648070D+10    0.2000000000D+09
    0.2487448741D-01    0.2895802404D+04    0.2121635388D+03    0.3412944249D+10    0.2000000000D+09
    0.2499442258D-01    0.2900344388D+04    0.2208790484D+03    0.3557012942D+10    0.2000000000D+09
    0.2511417287D-01    0.2904879195D+04    0.2295227230D+03    0.3700473037D+10    0.2000000000D+09
    0.2523374360D-01    0.2909306005D+04    0.2380630152D+03    0.3842973233D+10    0.2000000000D+09
    0.2535314052D-01    0.2913610469D+04    0.2464774632D+03    0.3983885273D+10    0.2000000000D+09
    0.2547236919D-01    0.2917782853D+04    0.2547432939D+03    0.4122422697D+10    0.2000000000D+09
    0.2559143510D-01    0.2921838815D+04    0.2628198959D+03    0.4257870383D+10    0.2000000000D+09
    0.2571034366D-01    0.2925765248D+04    0.2706540916D+03    0.4389541542D+10    0.2000000000D+09
    0.2582910102D-01    0.2929576803D+04    0.2781894558D+03    0.4516483721D+10    0.2000000000D+09
    0.2594771340D-01    0.2933220182D+04    0.2853696188D+03    0.4637587129D+10    0.2000000000D+09
    0.2606618999D-01    0.2936742166D+04    0.2921226269D+03    0.4751566716D+10    0.2000000000D+09
    0.2618454461D-01    0.2939948303D+04    0.2983801278D+03    0.4857054783D+10    0.2000000000D+09
    0.2630279246D-01    0.2942797517D+04    0.3040711464D+03    0.4952598597D+10    0.2000000000D+09
    0.2642094933D-01    0.2945259857D+04    0.3091262537D+03    0.5036825995D+10    0.2000000000D+09
    0.2653903071D-01    0.2947330980D+04    0.3134866247D+03    0.5108862344D+10    0.2000000000D+09
    0.2665705106D-01    0.2949026465D+04    0.3171004947D+03    0.5168356886D+10    0.2000000000D+09
    0.2677502287D-01    0.2950380385D+04    0.3199316176D+03    0.5215809552D+10    0.2000000000D+09
    0.2689295682D-01    0.2951453709D+04    0.3219821682D+03    0.5251976117D+10    0.2000000000D+09
    0.2701086234D-01    0.2952274365D+04    0.3234156511D+03    0.5278333359D+10    0.2000000000D+09
    0.2712874914D-01    0.2952877507D+04    0.3242090113D+03    0.5295459425D+10    0.2000000000D+09
    0.2724662728D-01    0.2953212335D+04    0.3247692312D+03    0.5305404928D+10    0.2000000000D+09
    0.2736450305D-01    0.2953311062D+04    0.3250069469D+03    0.5309671119D+10    0.2000000000D+09
    0.2748237881D-01    0.2953331063D+04    0.3251398713D+03    0.5311608878D+10    0.2000000000D+09
    0.2760025521D-01    0.2953311835D+04    0.3251992294D+03    0.5313294412D+10    0.1997214524D+09
    0.2771813206D-01    0.2953298834D+04    0.3252214980D+03    0.5314119166D+10    0.1995436576D+09
    0.2783600806D-01    0.2953289221D+04    0.3252569184D+03    0.5315153254D+10    0.1993905460D+09
    0.2795388081D-01    0.2953341278D+04    0.3252863025D+03    0.5315675885D+10    0.1993158682D+09
    0.2807175032D-01    0.2953452635D+04    0.3253405665D+03    0.5315930871D+10    0.1994857280D+09
    0.2818961863D-01    0.2953503226D+04    0.3254044075D+03    0.5315759302D+10    0.1995706378D+09
    0.2830748804D-01    0.2953512632D+04    0.3254741397D+03    0.5315552935D+10    0.1997352170D+09
    0.2842535942D-01    0.2953448278D+04    0.3255310340D+03    0.5315351989D+10    0.1998003916D+09
    0.2854323290D-01    0.2953413935D+04    0.3255640417D+03    0.5315461939D+10    0.1996286078D+09
    0.2866110842D-01    0.2953342921D+04    0.3255587320D+03    0.5315541899D+10    0.1994125911D+09
    0.2877898496D-01    0.2953311861D+04    0.3255852974D+03    0.5315503118D+10    0.1994286244D+09
    0.2889686057D-01    0.2953292016D+04    0.3256590356D+03    0.5314949961D+10    0.1994984742D+09
    0.2901473265D-01    0.2953358201D+04    0.3257367187D+03    0.5314585142D+10    0.1996835267D+09
    0.2913260118D-01    0.2953468964D+04    0.3257544743D+03    0.5314982569D+10    0.1995052911D+09
    0.2925046630D-01    0.2953536090D+04    0.3257946885D+03    0.5316902734D+10    0.1990209691D+09
    0.2936832844D-01    0.2953639842D+04    0.3258020915D+03    0.5320623975D+10    0.1978872961D+09
    0.2948618857D-01    0.2953685290D+04    0.3258823150D+03    0.5324171316D+10    0.1965563888D+09
    0.2960404570D-01    0.2953740947D+04    0.3261197497D+03    0.5327982464D+10    0.1952157021D+09
    0.2972189672D-01    0.2953835276D+04    0.3265077455D+03    0.5333044012D+10    0.1931746955D+09
    0.2983973568D-01    0.2954047614D+04    0.3270196296D+03    0.5340669225D+10    0.1901816626D+09
    0.2995755215D-01    0.2954439777D+04    0.3278534479D+03    0.5353150352D+10    0.1856890950D+09
    0.3007533227D-01    0.2955175218D+04    0.3293385950D+03    0.5374954961D+10    0.1778167486D+09
    0.3019306153D-01    0.2956263956D+04    0.3316945851D+03    0.5409891131D+10    0.1654067929D+09
    0.3031072453D-01    0.2957729376D+04    0.3351009917D+03    0.5460276939D+10    0.1474168883D+09
    0.3042830770D-01    0.2959594658D+04    0.3394666502D+03    0.5525294362D+10    0.1241352710D+09
    0.3054580053D-01    0.2961746414D+04    0.3446323658D+03    0.5601360661D+10    0.9610678261D+08
    0.3066319540D-01    0.2964148369D+04    0.3504050810D+03    0.5685938004D+10    0.6570171260D+08
    0.3078048693D-01    0.2966690883D+04    0.3565616234D+03    0.5775489635D+10    0.3345997879D+08
    0.3089767088D-01    0.2969374203D+04    0.3628468041D+03    0.5868014121D+10    0.1726279846D+06
    0.3101474688D-01    0.2972140371D+04    0.3690364272D+03    0.5961806519D+10   -0.3325911097D+08
    0.3113172087D-01    0.2974852265D+04    0.3749861651D+03    0.6053695811D+10   -0.6562491485D+08
    0.3124860409D-01    0.2977326792D+04    0.3806128573D+03    0.6139289176D+10   -0.9566629408D+08
    0.3136540901D-01    0.2979474371D+04    0.3857987783D+03    0.6216044352D+10   -0.1224502829D+09
    0.3148214753D-01    0.2981319486D+04    0.3902622496D+03    0.6282657213D+10   -0.1459641456D+09
    0.3159883281D-01    0.2982865032D+04    0.3938250144D+03    0.6339381258D+10   -0.1661015241D+09
    0.3171548049D-01    0.2984040321D+04    0.3963929584D+03    0.6382597288D+10   -0.1814402989D+09
    0.3183210558D-01    0.2984788490D+04    0.3980814701D+03    0.6410071886D+10   -0.1911284537D+09
    0.3194871825D-01    0.2985196202D+04    0.3989079187D+03    0.6422272082D+10   -0.1956952183D+09
    0.3206532358D-01    0.2985424376D+04    0.3993195417D+03    0.6427152143D+10   -0.1977140602D+09
    0.3218192479D-01    0.2985571514D+04    0.3995137374D+03    0.6430521524D+10   -0.1982565559D+09
    0.3229852476D-01    0.2985635919D+04    0.3996354076D+03    0.6432844467D+10   -0.1987495470D+09
    0.3241512560D-01    0.2985634901D+04    0.3997120560D+03    0.6434396452D+10   -0.1990282154D+09
    0.3253172859D-01    0.2985591593D+04    0.3997642954D+03    0.6435033318D+10   -0.1993361839D+09
    0.3264833342D-01    0.2985524329D+04    0.3997865782D+03    0.6434776511D+10   -0.1998362620D+09
    0.3276493924D-01    0.2985497769D+04    0.3998253890D+03    0.6434564316D+10   -0.1997965602D+09
    0.3288154418D-01    0.2985473752D+04    0.3998779305D+03    0.6433806980D+10   -0.1996369328D+09
    0.3299814717D-01    0.2985542418D+04    0.3999358382D+03    0.6433015155D+10   -0.1997097878D+09
    0.3311475131D-01    0.2985573811D+04    0.3999343045D+03    0.6431398136D+10   -0.1999344597D+09
    0.3323136170D-01    0.2985483188D+04    0.4000448119D+03    0.6427325743D+10   -0.1996097715D+09
    0.3334797560D-01    0.2985254095D+04    0.4000785558D+03    0.6420120954D+10   -0.1989181304D+09
    0.3346458743D-01    0.2985303363D+04    0.3993053829D+03    0.6423567562D+10   -0.2000000000D+09
    0.3358121862D-01    0.2985360331D+04    0.3980530144D+03    0.6427648194D+10   -0.1999636823D+09
    0.3369788973D-01    0.2984312521D+04    0.3989025108D+03    0.6392438532D+10   -0.1995458432D+09
    0.3381457322D-01    0.2983317239D+04    0.3966555403D+03    0.6357528860D+10   -0.2000000000D+09
    0.3393134953D-01    0.2983679780D+04    0.3914567503D+03    0.6368324831D+10   -0.2000000000D+09
    0.3404829997D-01    0.2978578407D+04    0.3924490040D+03    0.6185030587D+10   -0.2000000000D+09
    0.3416541864D-01    0.2974800383D+04    0.3803177070D+03    0.6050308423D+10   -0.2000000000D+09
    0.3428300288D-01    0.2970028427D+04    0.3560625652D+03    0.5883252399D+10   -0.2000000000D+09
    0.3440131780D-01    0.2951317603D+04    0.3475895362D+03    0.5236730770D+10   -0.2000000000D+09
    0.3452100008D-01    0.2933454685D+04    0.2937472782D+03    0.4631130868D+10   -0.2000000000D+09
    0.3464272385D-01    0.2884444606D+04    0.2056844642D+03    0.3019474122D+10   -0.2000000000D+09
    0.3476603906D-01    0.2835885455D+04    0.1068811227D+03    0.1499643474D+10   -0.2000000000D+09
    0.3489006145D-01    0.2810330291D+04    0.5576904190D+02    0.7330337728D+09   -0.2000000000D+09
    0.3501428404D-01    0.2803583334D+04    0.4206290099D+02    0.5350839435D+09   -0.2000000000D+09
    0.3513857486D-01    0.2801275975D+04    0.3740864422D+02    0.4678429306D+09   -0.2000000000D+09
    0.3526288821D-01    0.2800505342D+04    0.3584982178D+02    0.4454388634D+09   -0.2000000000D+09
    0.3538720872D-01    0.2800260965D+04    0.3534501308D+02    0.4383415078D+09   -0.2000000000D+09
    0.3551153158D-01    0.2800182421D+04    0.3517486159D+02    0.4360602159D+09   -0.2000000000D+09
    0.3563585548D-01    0.2800155605D+04    0.3512096939D+02    0.4352766536D+09   -0.2000000000D+09
    0.3576018028D-01    0.2800135186D+04    0.3510335475D+02    0.4346746923D+09   -0.1999909675D+09
    0.3588450559D-01    0.2800115137D+04    0.3510375576D+02    0.4340893612D+09   -0.1997260488D+09
    0.3600883104D-01    0.2800112090D+04    0.3504939304D+02    0.4340039005D+09   -0.1996857869D+09
    0.3613315758D-01    0.2800108996D+04    0.3496458576D+02    0.4339194991D+09   -0.1996448986D+09
    0.3625748625D-01    0.2800062921D+04    0.3495873746D+02    0.4325869535D+09   -0.1990360825D+09
    0.3638181666D-01    0.2800012845D+04    0.3484939281D+02    0.4311371337D+09   -0.1983743939D+09
    0.3650615032D-01    0.2799984781D+04    0.3464775939D+02    0.4303220127D+09   -0.1980035692D+09
    0.3663048865D-01    0.2799866797D+04    0.3460040521D+02    0.4268895051D+09   -0.1964445708D+09
    0.3675483159D-01    0.2799774221D+04    0.3424423562D+02    0.4241933080D+09   -0.1952213019D+09
    0.3687918377D-01    0.2799658747D+04    0.3372995690D+02    0.4208377015D+09   -0.1936954703D+09
    0.3700354716D-01    0.2799358474D+04    0.3372403792D+02    0.4121265993D+09   -0.1897277732D+09
    0.3712792128D-01    0.2799154213D+04    0.3279131729D+02    0.4062062745D+09   -0.1870287332D+09
    0.3725231572D-01    0.2798875445D+04    0.3156240939D+02    0.3981272888D+09   -0.1833451968D+09
    0.3737673664D-01    0.2798239777D+04    0.3124136369D+02    0.3797090439D+09   -0.1749457072D+09
    0.3750119320D-01    0.2797683968D+04    0.2948789462D+02    0.3636149026D+09   -0.1676014501D+09
    0.3762572054D-01    0.2796637914D+04    0.2661367715D+02    0.3333593167D+09   -0.1537792632D+09
    0.3775036455D-01    0.2794504576D+04    0.2228013569D+02    0.2718195403D+09   -0.1255900864D+09
    0.3787515231D-01    0.2791405131D+04    0.1474238930D+02    0.1827640620D+09   -0.8463511859D+08
    0.3800005902D-01    0.2788070341D+04    0.7135879607D+01    0.8738796824D+08   -0.4057039570D+08
    0.3812502459D-01    0.2786090407D+04    0.2523116970D+01    0.3098330072D+08   -0.1440825176D+08
    0.3825001038D-01    0.2785444465D+04    0.1029389697D+01    0.1262200083D+08   -0.5873006691D+07
    0.3837500435D-01    0.2785188757D+04    0.4371556028D+00    0.5359194399D+07   -0.2494162940D+07
    0.3850000180D-01    0.2785079961D+04    0.1851933272D+00    0.2270038516D+07   -0.1056569769D+07
    0.3862500074D-01    0.2785033582D+04    0.7779528949D-01    0.9533486658D+06   -0.4437451882D+06
    0.3875000030D-01    0.2785013909D+04    0.3224880886D-01    0.3948362906D+06   -0.1837833321D+06
    0.3887500012D-01    0.2785005644D+04    0.1312199238D-01    0.1602149689D+06   -0.7457534047D+05
    0.3900000005D-01    0.2785002255D+04    0.5256609944D-02    0.6402478991D+05   -0.2980172272D+05
    0.3912500002D-01    0.2785000920D+04    0.2135165663D-02    0.2612030390D+05   -0.1215827275D+05
    0.3925000001D-01    0.2785000386D+04    0.8949542026D-03    0.1096946563D+05   -0.5105985989D+04
    0.3937500000D-01    0.2785000160D+04    0.3704316933D-03    0.4528157002D+04   -0.2107719246D+04
    0.3950000000D-01    0.2785000064D+04    0.1489263539D-03    0.1817492754D+04   -0.8460152434D+03
    0.3962500000D-01    0.2785000026D+04    0.5973803481D-04    0.7303377273D+03   -0.3399418534D+03
    0.3975000000D-01    0.2785000010D+04    0.2414329136D-04    0.2954985717D+03   -0.1375437980D+03
    0.3987500000D-01    0.2785000004D+04    0.9562599118D-05    0.1169407378D+03   -0.5443835212D+02
    0.4000000000D-01    0.2785000002D+04    0.3601144314D-05    0.4411500739D+02   -0.2052240815D+02
    0.4012500000D-01    0.2785000001D+04    0.1251659521D-05    0.1546131889D+02   -0.7198018736D+01
    0.4025000000D-01    0.2785000000D+04    0.3928983755D-06    0.4919710720D+01   -0.2281551601D+01
    0.4037500000D-01    0.2785000000D+04    0.1416487891D-06    0.1733511848D+01   -0.8185397574D+00
    0.4050000000D-01    0.2785000000D+04    0.8831017626D-07    0.1092782195D+01   -0.4931369807D+00
    0.4062500000D-01    0.2785000000D+04    0.6650151472D-07    0.7987406690D+00   -0.3812374878D+00
    0.4075000000D-01    0.2785000000D+04    0.3812243698D-07    0.4783670655D+00   -0.2198406498D+00
    0.4087500000D-01    0.2785000000D+04    0.1143022136D-07    0.1404387440D+00   -0.5986974715D-01
    0.4100000000D-01    0.2785000000D+04   -0.3807542495D-08   -0.5267193136D-01    0.2404121676D-01
    0.4112500000D-01    0.2785000000D+04   -0.5892898840D-08   -0.7461532886D-01    0.3800403530D-01
    0.4125000000D-01    0.2785000000D+04   -0.2961840201D-08   -0.4389457236D-01    0.1808056107D-01
    0.4137500000D-01    0.2785000000D+04   -0.1075999757D-09    0.1000000002D-05    0.3566938369D-02
    0.4150000000D-01    0.2785000000D+04    0.5093783478D-09    0.4389679500D-02    0.3600488092D-04
    0.4162500000D-01    0.2785000000D+04    0.1492755174D-09    0.1000000000D-05    0.1722996379D-02
    0.4175000000D-01    0.2785000000D+04    0.1248021190D-09    0.1000000000D-05    0.2183008477D-02
    0.4187500000D-01    0.2785000000D+04    0.1539560195D-09    0.1000000000D-05    0.1904635812D-02
    0.4200000000D-01    0.2785000000D+04    0.1497788404D-09    0.1000000000D-05    0.1942157790D-02
    0.4212500000D-01    0.2785000000D+04    0.1444108490D-09    0.1000000000D-05    0.1990332189D-02
    0.4225000000D-01    0.2785000000D+04    0.1456191668D-09    0.1000000000D-05    0.1989272785D-02
    0.4237500000D-01    0.2785000000D+04    0.1467852479D-09    0.1000000000D-05    0.1988652165D-02
    0.4250000000D-01    0.2785000000D+04    0.1463565785D-09    0.1000000000D-05    0.1996232074D-02
    0.4262500000D-01    0.2785000000D+04    0.1437141510D-09    0.1000000000D-05    0.2019247233D-02
    0.4275000000D-01    0.2785000000D+04    0.1398702268D-09    0.1000000000D-05    0.2048620643D-02
    0.4287500000D-01    0.2785000000D+04    0.1355617217D-09    0.1000000000D-05    0.2091166116D-02
    0.4300000000D-01    0.2785000000D+04    0.1343059720D-09    0.1000000000D-05    0.2101829405D-02
    0.4312500000D-01    0.2785000000D+04    0.1348792754D-09    0.1000000000D-05    0.2109724796D-02
    0.4325000000D-01    0.2785000000D+04    0.1420758232D-09    0.1000000000D-05    0.2025852896D-02
    0.4337500000D-01    0.2785000000D+04    0.1473001654D-09    0.1000000000D-05    0.1996849916D-02
    0.4350000000D-01    0.2785000000D+04    0.1621966158D-09    0.1000000000D-05    0.1803745015D-02
    0.4362500000D-01    0.2785000000D+04    0.1619228799D-09    0.1000000000D-05    0.1880883548D-02
    0.4375000000D-01    0.2785000000D+04    0.1841542345D-09    0.1000000000D-05    0.1542228105D-02
    0.4387500000D-01    0.2785000000D+04    0.1609642014D-09    0.1000000000D-05    0.2006470659D-02
    0.4400000000D-01    0.2785000000D+04    0.2062364255D-09    0.1000000000D-05    0.1050860529D-02
    0.4412500000D-01    0.2785000000D+04    0.1260565101D-09    0.1000000000D-05    0.2942299165D-02
    0.4425000000D-01    0.2785000000D+04    0.3669632695D-09    0.4389679500D-02    0.6732274438D-02
    0.4437500000D-01    0.2785000000D+04    0.4031943810D-09   -0.4387679500D-02   -0.3299134709D-02
    0.4450000000D-01    0.2785000000D+04    0.9689436540D-10    0.1000000000D-05    0.1879831493D-02
    0.4462500000D-01    0.2785000000D+04    0.4032444511D-09    0.4389679500D-02    0.7264039704D-02
    0.4475000000D-01    0.2785000000D+04    0.3931283097D-09   -0.4387679500D-02   -0.3312558795D-02
    0.4487500000D-01    0.2785000000D+04    0.1082590797D-09    0.1000000000D-05    0.1977148891D-02
    0.4500000000D-01    0.2785000000D+04    0.3865990429D-09    0.4389679500D-02    0.7174642249D-02
    0.4512500000D-01    0.2785000000D+04    0.3840311620D-09   -0.4387679500D-02   -0.3042969714D-02
    0.4525000000D-01    0.2785000000D+04    0.1221550241D-09    0.1000000000D-05    0.2121870523D-02
    0.4537500000D-01    0.2785000000D+04    0.3897148993D-09    0.4389679500D-02    0.7272101329D-02
    0.4550000000D-01    0.2785000000D+04    0.3971488938D-09   -0.4387679500D-02   -0.2860477337D-02
    0.4562500000D-01    0.2785000000D+04    0.1347995877D-09    0.1000000000D-05    0.2352446731D-02
    0.4575000000D-01    0.2785000000D+04    0.4172546331D-09    0.4389679500D-02    0.7633532066D-02
    0.4587500000D-01    0.2785000000D+04    0.4311101129D-09   -0.4387679500D-02   -0.2752603720D-02
    0.4600000000D-01    0.2785000000D+04    0.1396150739D-09    0.1000000000D-05    0.2633478356D-02
    0.4612500000D-01    0.2785000000D+04    0.4523725533D-09    0.4389679500D-02    0.8164785825D-02
    0.4625000000D-01    0.2785000000D+04    0.4726264256D-09   -0.4387679500D-02   -0.2919397167D-02
    0.4637500000D-01    0.2785000000D+04    0.1158961758D-09    0.1000000000D-05    0.2784390158D-02
    0.4650000000D-01    0.2785000000D+04    0.4624187811D-09    0.4389679500D-02    0.7802415903D-02
    0.4662500000D-01    0.2785000000D+04    0.3690626436D-09   -0.4387679500D-02   -0.2205573202D-02
    0.4675000000D-01    0.2785000000D+04    0.1973838484D-09    0.1000000000D-05    0.1704645691D-02
    0.4687500000D-01    0.2785000000D+04    0.2015905472D-09    0.4389679500D-02    0.8446417970D-02
    0.4700000000D-01    0.2785000000D+04    0.2496242773D-09    0.1000000001D-05    0.1219990045D-02
    0.4712500000D-01    0.2785000000D+04    0.2597202564D-10   -0.4387679500D-02   -0.5346760860D-03
    0.4725000000D-01    0.2785000000D+04    0.1987610268D-09    0.8778359000D-02    0.1347597143D-01
    0.4737500000D-01    0.2785000000D+04    0.2733880551D-09   -0.4387679500D-02   -0.1846759036D-02
    0.4750000000D-01    0.2785000000D+04    0.1495292274D-09   -0.4387679500D-02   -0.2375128384D-02
    0.4762500000D-01    0.2785000000D+04    0.2063573642D-09    0.8778359000D-02    0.1484126838D-01
    0.4775000000D-01    0.2785000000D+04    0.5482900414D-09   -0.4387679500D-02   -0.9788136427D-03
    0.4787500000D-01    0.2785000000D+04    0.5777453446D-10    0.1000000000D-05    0.2241374773D-02
    0.4800000000D-01    0.2785000000D+04    0.4923719722D-09    0.4389679500D-02    0.7572689358D-02
    0.4812500000D-01    0.2785000000D+04    0.2167955075D-09   -0.4387679500D-02   -0.3774803417D-02
    0.4825000000D-01    0.2785000000D+04    0.2065385556D-09   -0.4387679500D-02   -0.1424153183D-02
    0.4837500000D-01    0.2785000000D+04    0.1875915983D-09    0.8778359000D-02    0.1385933682D-01
    0.4850000000D-01    0.2785000000D+04    0.5186121879D-09   -0.4387679500D-02   -0.4525448771D-03
    0.4862500000D-01    0.2785000000D+04    0.1180387164D-09    0.1000000000D-05    0.2237724092D-02
    0.4875000000D-01    0.2785000000D+04    0.4699317972D-09    0.4389679500D-02    0.7286232540D-02
    0.4887500000D-01    0.2785000000D+04    0.2195455253D-09   -0.4387679500D-02   -0.3533533705D-02
    0.4900000000D-01    0.2785000000D+04    0.1977025797D-09   -0.4387679500D-02   -0.1489218773D-02
    0.4912500000D-01    0.2785000000D+04    0.1797327424D-09    0.8778359000D-02    0.1399978294D-01
    0.4925000000D-01    0.2785000000D+04    0.4961909173D-09   -0.4387679500D-02   -0.8122169359D-03
    0.4937500000D-01    0.2785000000D+04    0.5658512791D-10    0.1000000001D-05    0.2265470145D-02
    0.4950000000D-01    0.2785000000D+04    0.4596488192D-09    0.4389679500D-02    0.9320800470D-02
    0.4962500000D-01    0.2785000000D+04    0.3711915728D-09   -0.4387679500D-02   -0.3903405170D-02
    0.4975000000D-01    0.2785000000D+04    0.6656308417D-10   -0.4387679500D-02   -0.1088537367D-03
    0.4987500000D-01    0.2785000000D+04    0.3585796121D-09    0.8778359000D-02    0.1078614592D-01
    0.5000000000D-01    0.2785000000D+04    0.0000000000D+00   -0.4387679500D-02    0.1184902075D-02
