    0.7194123317D-03    0.2787525370D+04    0.9438059419D+01    0.2490329620D+09    0.1995021251D+09
    0.7817928317D-03    0.2790421415D+04    0.8275494724D+01    0.2195451181D+09    0.1988442723D+09
    0.8441711915D-03    0.2790248828D+04    0.8291769985D+01    0.2193596857D+09    0.1984495047D+09
    0.9065467253D-03    0.2790612917D+04    0.8275707540D+01    0.2191262339D+09    0.1980754089D+09
    0.9689222940D-03    0.2790501642D+04    0.8292656650D+01    0.2186229197D+09    0.1976584267D+09
    0.1031298421D-02    0.2790609806D+04    0.8263962103D+01    0.2182134910D+09    0.1972644213D+09
    0.1093676955D-02    0.2790451673D+04    0.8289189783D+01    0.2176282316D+09    0.1967905805D+09
    0.1156058543D-02    0.2790394421D+04    0.8288015742D+01    0.2176360463D+09    0.1967797489D+09
    0.1218442945D-02    0.2790178504D+04    0.8289424124D+01    0.2173291745D+09    0.1966965404D+09
    0.1280827646D-02    0.2790142704D+04    0.8291799974D+01    0.2172674600D+09    0.1967797749D+09
    0.1343211695D-02    0.2790151751D+04    0.8292658589D+01    0.2172522186D+09    0.1968852535D+09
    0.1405594467D-02    0.2790201001D+04    0.8295404807D+01    0.2172181246D+09    0.1969559221D+09
    0.1467975940D-02    0.2790265993D+04    0.8295950580D+01    0.2170137521D+09    0.1968214198D+09
    0.1530356680D-02    0.2790317218D+04    0.8296535509D+01    0.2167473738D+09    0.1966035248D+09
    0.1592738251D-02    0.2790331516D+04    0.8299911285D+01    0.2164951861D+09    0.1963423385D+09
    0.1655121399D-02    0.2790242934D+04    0.8297400525D+01    0.2164003721D+09    0.1961766306D+09
    0.1717506294D-02    0.2790190430D+04    0.8303945171D+01    0.2162878963D+09    0.1959414113D+09
    0.1779891923D-02    0.2790086621D+04    0.8293064212D+01    0.2163265840D+09    0.1958978345D+09
    0.1842276457D-02    0.2790124810D+04    0.8292367703D+01    0.2166392450D+09    0.1960885001D+09
    0.1904659519D-02    0.2790184630D+04    0.8291068901D+01    0.2167706366D+09    0.1960882131D+09
    0.1967041121D-02    0.2790256378D+04    0.8288226930D+01    0.2168087555D+09    0.1960288362D+09
    0.2029421700D-02    0.2790315254D+04    0.8287491611D+01    0.2167683793D+09    0.1959206596D+09
    0.2091802153D-02    0.2790347976D+04    0.8286139737D+01    0.2166766443D+09    0.1958453847D+09
    0.2154184592D-02    0.2790326489D+04    0.8287534603D+01    0.2165467013D+09    0.1957321852D+09
    0.2216569378D-02    0.2790170216D+04    0.8289053040D+01    0.2163770818D+09    0.1956582729D+09
    0.2278955047D-02    0.2790116664D+04    0.8290149746D+01    0.2162800900D+09    0.1956529861D+09
    0.2341340403D-02    0.2790091173D+04    0.8290075958D+01    0.2162199766D+09    0.1957001160D+09
    0.2403724352D-02    0.2790144695D+04    0.8293508580D+01    0.2161726463D+09    0.1957765667D+09
    0.2466106753D-02    0.2790217019D+04    0.8294646257D+01    0.2161469001D+09    0.1958476932D+09
    0.2528488020D-02    0.2790283128D+04    0.8297209988D+01    0.2160561191D+09    0.1958387283D+09
    0.2590869277D-02    0.2790318540D+04    0.8298942402D+01    0.2159588285D+09    0.1957841852D+09
    0.2653251505D-02    0.2790283935D+04    0.8302730692D+01    0.2159354941D+09    0.1957665738D+09
    0.2715636054D-02    0.2790231720D+04    0.8304664182D+01    0.2159036645D+09    0.1956659157D+09
    0.2778022387D-02    0.2790076344D+04    0.8302824445D+01    0.2159376114D+09    0.1956329972D+09
    0.2840408302D-02    0.2790072097D+04    0.8304293606D+01    0.2160782529D+09    0.1956876661D+09
    0.2902792785D-02    0.2790113805D+04    0.8302197400D+01    0.2162343503D+09    0.1957253686D+09
    0.2965175608D-02    0.2790200100D+04    0.8299577846D+01    0.2164013076D+09    0.1957586744D+09
    0.3027556970D-02    0.2790262359D+04    0.8295183822D+01    0.2164837263D+09    0.1957363848D+09
    0.3089937364D-02    0.2790330738D+04    0.8292638992D+01    0.2164561063D+09    0.1956326083D+09
    0.3152318900D-02    0.2790348979D+04    0.8291016124D+01    0.2164104257D+09    0.1955658269D+09
    0.3214702834D-02    0.2790228626D+04    0.8290599795D+01    0.2163364111D+09    0.1955448502D+09
    0.3277088944D-02    0.2790134397D+04    0.8290475533D+01    0.2162777888D+09    0.1955747904D+09
    0.3339475678D-02    0.2790034007D+04    0.8281346710D+01    0.2162194110D+09    0.1956433976D+09
    0.3401861175D-02    0.2790078574D+04    0.8288392884D+01    0.2164434491D+09    0.1959627180D+09
    0.3464245033D-02    0.2790144648D+04    0.8293649463D+01    0.2163822589D+09    0.1960172895D+09
    0.3526627177D-02    0.2790225194D+04    0.8293029898D+01    0.2163054668D+09    0.1960621495D+09
    0.3589008226D-02    0.2790298020D+04    0.8294941826D+01    0.2161579222D+09    0.1960453559D+09
    0.3651389157D-02    0.2790323109D+04    0.8295089533D+01    0.2160407148D+09    0.1960345766D+09
    0.3713772168D-02    0.2790308538D+04    0.8295412128D+01    0.2159428358D+09    0.1959944255D+09
    0.3776157703D-02    0.2790137079D+04    0.8293390572D+01    0.2158992900D+09    0.1959640234D+09
    0.3838544107D-02    0.2790082797D+04    0.8291133878D+01    0.2159711026D+09    0.1959945061D+09
    0.3900930032D-02    0.2790059275D+04    0.8291073903D+01    0.2161746378D+09    0.1960908361D+09
    0.3963314175D-02    0.2790125691D+04    0.8286306067D+01    0.2164037324D+09    0.1961848099D+09
    0.4025696541D-02    0.2790218667D+04    0.8282675433D+01    0.2165467002D+09    0.1961779635D+09
    0.4088077697D-02    0.2790284654D+04    0.8279295086D+01    0.2166162157D+09    0.1960960838D+09
    0.4150458588D-02    0.2790326936D+04    0.8277724609D+01    0.2166728074D+09    0.1960160283D+09
    0.4212840620D-02    0.2790308317D+04    0.8276869406D+01    0.2166970817D+09    0.1959624243D+09
    0.4275226102D-02    0.2790224873D+04    0.8278025782D+01    0.2166568071D+09    0.1958736125D+09
    0.4337614864D-02    0.2789999712D+04    0.8276488747D+01    0.2166702516D+09    0.1958781676D+09
    0.4400004320D-02    0.2789931491D+04    0.8275254248D+01    0.2167156030D+09    0.1959739840D+09
    0.4462393247D-02    0.2789937578D+04    0.8277165439D+01    0.2167773349D+09    0.1961156667D+09
    0.4524780701D-02    0.2789978895D+04    0.8277668965D+01    0.2168125631D+09    0.1962433017D+09
    0.4587166126D-02    0.2790069284D+04    0.8279574756D+01    0.2167384253D+09    0.1962949990D+09
    0.4649549748D-02    0.2790160433D+04    0.8281290983D+01    0.2166147397D+09    0.1963083684D+09
    0.4711932037D-02    0.2790230514D+04    0.8283342896D+01    0.2164508378D+09    0.1962763713D+09
    0.4774314467D-02    0.2790279725D+04    0.8282686261D+01    0.2163707255D+09    0.1963314001D+09
    0.4836700314D-02    0.2790217842D+04    0.8287206886D+01    0.2162757999D+09    0.1963372007D+09
    0.4899091421D-02    0.2789974064D+04    0.8287362754D+01    0.2162956275D+09    0.1964172653D+09
    0.4961487697D-02    0.2789747475D+04    0.8287376305D+01    0.2164357837D+09    0.1965608595D+09
    0.5023888037D-02    0.2789511710D+04    0.8286765001D+01    0.2165538807D+09    0.1966237167D+09
    0.5086291000D-02    0.2789384188D+04    0.8285968139D+01    0.2166192264D+09    0.1966090440D+09
    0.5148696718D-02    0.2789277268D+04    0.8284211249D+01    0.2167073018D+09    0.1965660223D+09
    0.5211105831D-02    0.2789137809D+04    0.8282390387D+01    0.2167559286D+09    0.1964947975D+09
    0.5273517172D-02    0.2788973877D+04    0.8269216125D+01    0.2168014314D+09    0.1964057428D+09
    0.5335930397D-02    0.2788938613D+04    0.8281891332D+01    0.2166850114D+09    0.1962750297D+09
    0.5398343896D-02    0.2788805477D+04    0.8281899718D+01    0.2169642685D+09    0.1964297751D+09
    0.5460757003D-02    0.2788914234D+04    0.8276755818D+01    0.2171881220D+09    0.1966609886D+09
    0.5523168762D-02    0.2788840409D+04    0.8276554630D+01    0.2172847773D+09    0.1968156265D+09
    0.5585587456D-02    0.2789034778D+04    0.8267133610D+01    0.2174730752D+09    0.1969562890D+09
    0.5648096231D-02    0.2788220733D+04    0.8288509270D+01    0.2172535560D+09    0.1969570166D+09
    0.5710687318D-02    0.2781006715D+04    0.8264392508D+01    0.2169399930D+09    0.1970022479D+09
    0.5773199667D-02    0.2780887461D+04    0.8286424063D+01    0.2170172060D+09    0.1969011527D+09
    0.5835621214D-02    0.2788021375D+04    0.8286710158D+01    0.2169492245D+09    0.1968782073D+09
    0.5898032959D-02    0.2788979251D+04    0.8281978273D+01    0.2168231323D+09    0.1968927200D+09
    0.5960444622D-02    0.2788897175D+04    0.8284593315D+01    0.2168329652D+09    0.1969988124D+09
    0.6022855081D-02    0.2788986527D+04    0.8292487014D+01    0.2167577647D+09    0.1970816142D+09
    0.6085264072D-02    0.2789004821D+04    0.8308368052D+01    0.2172572303D+09    0.1973506306D+09
    0.6147670900D-02    0.2789117754D+04    0.8298516431D+01    0.2172285154D+09    0.1973345368D+09
    0.6210075354D-02    0.2789198182D+04    0.8295538919D+01    0.2172781943D+09    0.1972324530D+09
    0.6272477299D-02    0.2789329842D+04    0.8289026799D+01    0.2173653286D+09    0.1970976417D+09
    0.6334877424D-02    0.2789422590D+04    0.8283073128D+01    0.2173506608D+09    0.1969393798D+09
    0.6397275737D-02    0.2789492557D+04    0.8279975822D+01    0.2173786586D+09    0.1968664016D+09
    0.6459671629D-02    0.2789584559D+04    0.8277850164D+01    0.2174613280D+09    0.1969244566D+09
    0.6522065037D-02    0.2789708984D+04    0.8278986741D+01    0.2176251076D+09    0.1970877566D+09
    0.6584455412D-02    0.2789806693D+04    0.8277251928D+01    0.2176863516D+09    0.1972229777D+09
    0.6646841379D-02    0.2789980295D+04    0.8277774000D+01    0.2176501436D+09    0.1972781533D+09
    0.6709223587D-02    0.2790200897D+04    0.8278463193D+01    0.2175006311D+09    0.1972492562D+09
    0.6771604226D-02    0.2790316558D+04    0.8277878968D+01    0.2173226060D+09    0.1971924113D+09
    0.6833985374D-02    0.2790341234D+04    0.8275857015D+01    0.2171879623D+09    0.1971693780D+09
    0.6896368215D-02    0.2790271073D+04    0.8279401388D+01    0.2170128405D+09    0.1971459781D+09
    0.6958752760D-02    0.2790189729D+04    0.8281826336D+01    0.2169634577D+09    0.1971929787D+09
    0.7021138927D-02    0.2790118707D+04    0.8286216505D+01    0.2170278216D+09    0.1973849914D+09
    0.7083526473D-02    0.2790044562D+04    0.8288988019D+01    0.2171315612D+09    0.1975879479D+09
    0.7145914503D-02    0.2789995418D+04    0.8291198254D+01    0.2171501894D+09    0.1976663673D+09
    0.7208301818D-02    0.2790001271D+04    0.8289091017D+01    0.2171570459D+09    0.1976233594D+09
    0.7270686983D-02    0.2790059300D+04    0.8283896337D+01    0.2171935854D+09    0.1974985768D+09
    0.7333069041D-02    0.2790193679D+04    0.8275704120D+01    0.2172918336D+09    0.1973570668D+09
    0.7395448854D-02    0.2790337162D+04    0.8268879737D+01    0.2173974612D+09    0.1972253449D+09
    0.7457828263D-02    0.2790394584D+04    0.8263516410D+01    0.2174582964D+09    0.1970999307D+09
    0.7520208595D-02    0.2790373266D+04    0.8259098775D+01    0.2175686391D+09    0.1970958268D+09
    0.7582590474D-02    0.2790311961D+04    0.8257780349D+01    0.2177190063D+09    0.1972011601D+09
    0.7644974038D-02    0.2790234893D+04    0.8257036995D+01    0.2178594476D+09    0.1973625556D+09
    0.7707359065D-02    0.2790161314D+04    0.8258641481D+01    0.2178813998D+09    0.1974309787D+09
    0.7769744798D-02    0.2790103961D+04    0.8258700730D+01    0.2178110482D+09    0.1974570052D+09
    0.7832129513D-02    0.2790098121D+04    0.8262099197D+01    0.2176580827D+09    0.1974440294D+09
    0.7894511814D-02    0.2790195093D+04    0.8264282811D+01    0.2175091073D+09    0.1974252973D+09
    0.7956891923D-02    0.2790314032D+04    0.8265935598D+01    0.2173323645D+09    0.1974014589D+09
    0.8019271133D-02    0.2790391175D+04    0.8270134806D+01    0.2172236982D+09    0.1974500495D+09
    0.8081650937D-02    0.2790394465D+04    0.8273740405D+01    0.2172437645D+09    0.1976151150D+09
    0.8144032225D-02    0.2790338028D+04    0.8278615330D+01    0.2173004116D+09    0.1978116786D+09
    0.8206415205D-02    0.2790261793D+04    0.8281996273D+01    0.2173097226D+09    0.1979353259D+09
    0.8268799437D-02    0.2790186600D+04    0.8284530813D+01    0.2172419644D+09    0.1979317577D+09
    0.8331184176D-02    0.2790149783D+04    0.8283924295D+01    0.2171997023D+09    0.1978564901D+09
    0.8393567971D-02    0.2790141255D+04    0.8280375954D+01    0.2172098633D+09    0.1977458338D+09
    0.8455949235D-02    0.2790234176D+04    0.8273683192D+01    0.2173076776D+09    0.1976319407D+09
    0.8518328315D-02    0.2790367776D+04    0.8266480007D+01    0.2174229289D+09    0.1975079439D+09
    0.8580706825D-02    0.2790429468D+04    0.8256758797D+01    0.2176534692D+09    0.1975467865D+09
    0.8643085994D-02    0.2790418846D+04    0.8253489137D+01    0.2178605930D+09    0.1976460918D+09
    0.8705466418D-02    0.2790370435D+04    0.8248786941D+01    0.2179831277D+09    0.1977181339D+09
    0.8767848474D-02    0.2790306578D+04    0.8247866237D+01    0.2180038488D+09    0.1977453164D+09
    0.8830231794D-02    0.2790224522D+04    0.8248766001D+01    0.2179503947D+09    0.1977306517D+09
    0.8892615332D-02    0.2790193446D+04    0.8250351242D+01    0.2178354627D+09    0.1977056554D+09
    0.8954997757D-02    0.2790205018D+04    0.8252379594D+01    0.2176825780D+09    0.1976661992D+09
    0.9017377928D-02    0.2790293016D+04    0.8253745493D+01    0.2175438573D+09    0.1976536514D+09
    0.9079756527D-02    0.2790406613D+04    0.8254875697D+01    0.2174329868D+09    0.1976842274D+09
    0.9142135086D-02    0.2790433747D+04    0.8259080331D+01    0.2174626251D+09    0.1978591720D+09
    0.9204514570D-02    0.2790410080D+04    0.8263112475D+01    0.2175220201D+09    0.1980260285D+09
    0.9266895559D-02    0.2790351072D+04    0.8266335202D+01    0.2175047021D+09    0.1980996874D+09
    0.9329278092D-02    0.2790275469D+04    0.8268758359D+01    0.2174284206D+09    0.1980941863D+09
    0.9391661498D-02    0.2790212904D+04    0.8270023102D+01    0.2173497824D+09    0.1980318837D+09
    0.9454044700D-02    0.2790197356D+04    0.8269371738D+01    0.2173588856D+09    0.1979715141D+09
    0.9516426190D-02    0.2790231204D+04    0.8266269801D+01    0.2173970324D+09    0.1978705969D+09
    0.9578805346D-02    0.2790350478D+04    0.8263046955D+01    0.2175082690D+09    0.1977904613D+09
    0.9641183378D-02    0.2790439964D+04    0.8257885064D+01    0.2176748445D+09    0.1978236097D+09
    0.9703561661D-02    0.2790451090D+04    0.8256418401D+01    0.2178796959D+09    0.1979343903D+09
    0.9765941044D-02    0.2790417483D+04    0.8255297160D+01    0.2179728910D+09    0.1979996718D+09
    0.9828321933D-02    0.2790352711D+04    0.8256817557D+01    0.2178949737D+09    0.1979499081D+09
    0.9890704171D-02    0.2790282698D+04    0.8257601825D+01    0.2178160087D+09    0.1979275468D+09
    0.9953087007D-02    0.2790232035D+04    0.8259555548D+01    0.2176733373D+09    0.1978931742D+09
    0.1001546920D-01    0.2790229249D+04    0.8262314343D+01    0.2175762742D+09    0.1978940500D+09
    0.1007784950D-01    0.2790289269D+04    0.8264101240D+01    0.2174733251D+09    0.1979205909D+09
    0.1014022799D-01    0.2790399005D+04    0.8266864610D+01    0.2174675234D+09    0.1980495992D+09
    0.1020260610D-01    0.2790450958D+04    0.8267771266D+01    0.2175077013D+09    0.1982022273D+09
    0.1026498498D-01    0.2790433771D+04    0.8271186782D+01    0.2174957245D+09    0.1983171855D+09
    0.1032736529D-01    0.2790380794D+04    0.8273314243D+01    0.2174399003D+09    0.1983506208D+09
    0.1038974704D-01    0.2790306311D+04    0.8276831016D+01    0.2173177900D+09    0.1983246074D+09
    0.1045212993D-01    0.2790252640D+04    0.8278218506D+01    0.2172290351D+09    0.1982861464D+09
    0.1051451285D-01    0.2790203683D+04    0.8278179336D+01    0.2171611849D+09    0.1982176589D+09
    0.1057689424D-01    0.2790250040D+04    0.8273885398D+01    0.2172227694D+09    0.1981437336D+09
    0.1063927343D-01    0.2790340615D+04    0.8266560585D+01    0.2174115645D+09    0.1981033710D+09
    0.1070165106D-01    0.2790446662D+04    0.8257408855D+01    0.2177051745D+09    0.1981008484D+09
    0.1076402870D-01    0.2790480245D+04    0.8250789494D+01    0.2179399711D+09    0.1980915019D+09
    0.1082640745D-01    0.2790445709D+04    0.8247712273D+01    0.2180823048D+09    0.1980636569D+09
    0.1088878791D-01    0.2790381633D+04    0.8247093005D+01    0.2180951672D+09    0.1980192347D+09
    0.1095116978D-01    0.2790292131D+04    0.8249341405D+01    0.2180641454D+09    0.1979924594D+09
    0.1101355276D-01    0.2790255634D+04    0.8245662337D+01    0.2179713711D+09    0.1979323558D+09
    0.1107593566D-01    0.2790192329D+04    0.8248764312D+01    0.2178542475D+09    0.1979142506D+09
    0.1113831659D-01    0.2790263557D+04    0.8251843545D+01    0.2177916387D+09    0.1979640634D+09
    0.1120069534D-01    0.2790368122D+04    0.8254866348D+01    0.2178126396D+09    0.1981112822D+09
    0.1126307311D-01    0.2790458444D+04    0.8256647390D+01    0.2177970264D+09    0.1982391696D+09
    0.1132545146D-01    0.2790456655D+04    0.8259009702D+01    0.2177187289D+09    0.1983105091D+09
    0.1138783112D-01    0.2790405060D+04    0.8262355614D+01    0.2175652169D+09    0.1983077838D+09
    0.1145021239D-01    0.2790341014D+04    0.8264686007D+01    0.2174479086D+09    0.1983121089D+09
    0.1151259480D-01    0.2790259836D+04    0.8268845592D+01    0.2173077527D+09    0.1982991755D+09
    0.1157497743D-01    0.2790239740D+04    0.8271231269D+01    0.2172166589D+09    0.1982830442D+09
    0.1163735904D-01    0.2790240137D+04    0.8277415501D+01    0.2171619586D+09    0.1983049598D+09
    0.1169973855D-01    0.2790331081D+04    0.8277408604D+01    0.2172776504D+09    0.1984090402D+09
    0.1176211664D-01    0.2790427159D+04    0.8273774821D+01    0.2174781781D+09    0.1985022334D+09
    0.1182449448D-01    0.2790459161D+04    0.8265491004D+01    0.2176914492D+09    0.1984748558D+09
    0.1188687319D-01    0.2790448504D+04    0.8255384684D+01    0.2178474035D+09    0.1983723614D+09
    0.1194925324D-01    0.2790382280D+04    0.8247829945D+01    0.2179432346D+09    0.1982610246D+09
    0.1201163465D-01    0.2790327748D+04    0.8242165667D+01    0.2179117099D+09    0.1981719478D+09
    0.1207401676D-01    0.2790261075D+04    0.8240304706D+01    0.2178724793D+09    0.1981034539D+09
    0.1213639833D-01    0.2790265821D+04    0.8237889154D+01    0.2178171465D+09    0.1980968492D+09
    0.1219877834D-01    0.2790308141D+04    0.8238164942D+01    0.2178101407D+09    0.1981658229D+09
    0.1226115647D-01    0.2790405953D+04    0.8238753584D+01    0.2178520878D+09    0.1983149383D+09
    0.1232353410D-01    0.2790476820D+04    0.8239002594D+01    0.2178459162D+09    0.1984433469D+09
    0.1238591239D-01    0.2790450051D+04    0.8239866540D+01    0.2178099905D+09    0.1985569868D+09
    0.1244829193D-01    0.2790417588D+04    0.8247261191D+01    0.2176769573D+09    0.1985674601D+09
    0.1251067301D-01    0.2790338445D+04    0.8246536612D+01    0.2174672701D+09    0.1985856187D+09
    0.1257305519D-01    0.2790280619D+04    0.8248085889D+01    0.2172989262D+09    0.1985644068D+09
    0.1263543769D-01    0.2790238486D+04    0.8250274044D+01    0.2171435676D+09    0.1985547477D+09
    0.1269781897D-01    0.2790253322D+04    0.8253656197D+01    0.2171126561D+09    0.1986051090D+09
    0.1276019828D-01    0.2790346712D+04    0.8254464107D+01    0.2172274991D+09    0.1987135005D+09
    0.1282257611D-01    0.2790430399D+04    0.8249871780D+01    0.2173732749D+09    0.1987492978D+09
    0.1288495387D-01    0.2790478521D+04    0.8241497154D+01    0.2175357758D+09    0.1987070270D+09
    0.1294733271D-01    0.2790436793D+04    0.8229822989D+01    0.2176400866D+09    0.1985838807D+09
    0.1300971282D-01    0.2790382517D+04    0.8220759105D+01    0.2177080797D+09    0.1984735808D+09
    0.1307209420D-01    0.2790321871D+04    0.8215640880D+01    0.2177266554D+09    0.1983993509D+09
    0.1313447632D-01    0.2790269928D+04    0.8214226161D+01    0.2176768002D+09    0.1983603844D+09
    0.1319685798D-01    0.2790255830D+04    0.8214645224D+01    0.2176455806D+09    0.1983750221D+09
    0.1325923775D-01    0.2790310689D+04    0.8216015188D+01    0.2176957854D+09    0.1985012938D+09
    0.1332161570D-01    0.2790424539D+04    0.8215408408D+01    0.2177735875D+09    0.1987082354D+09
    0.1338399323D-01    0.2790473859D+04    0.8215220969D+01    0.2177388097D+09    0.1988076033D+09
    0.1344637153D-01    0.2790462161D+04    0.8214820823D+01    0.2176159827D+09    0.1988338042D+09
    0.1350875128D-01    0.2790404363D+04    0.8216192726D+01    0.2174387603D+09    0.1988196962D+09
    0.1357113255D-01    0.2790333612D+04    0.8216843672D+01    0.2172768262D+09    0.1988125762D+09
    0.1363351499D-01    0.2790267141D+04    0.8217315398D+01    0.2171353061D+09    0.1988216719D+09
    0.1369589768D-01    0.2790230155D+04    0.8216561062D+01    0.2169788275D+09    0.1988060136D+09
    0.1375827920D-01    0.2790243850D+04    0.8217300316D+01    0.2168717170D+09    0.1988507001D+09
    0.1382065862D-01    0.2790335383D+04    0.8219800110D+01    0.2168867897D+09    0.1990305643D+09
    0.1388303678D-01    0.2790431728D+04    0.8219920480D+01    0.2169535852D+09    0.1991861497D+09
    0.1394541507D-01    0.2790447303D+04    0.8215728329D+01    0.2170220320D+09    0.1992202547D+09
    0.1400779432D-01    0.2790421189D+04    0.8206056682D+01    0.2170545093D+09    0.1991551171D+09
    0.1407017499D-01    0.2790360391D+04    0.8192628714D+01    0.2170815087D+09    0.1990590044D+09
    0.1413255692D-01    0.2790294455D+04    0.8179902209D+01    0.2170877200D+09    0.1989795865D+09
    0.1419493948D-01    0.2790248199D+04    0.8169669950D+01    0.2170592959D+09    0.1989241653D+09
    0.1425732154D-01    0.2790238094D+04    0.8162689718D+01    0.2170407697D+09    0.1989321616D+09
    0.1431970182D-01    0.2790292222D+04    0.8157953270D+01    0.2170861401D+09    0.1990491689D+09
    0.1438208029D-01    0.2790397309D+04    0.8153430703D+01    0.2171255772D+09    0.1992069399D+09
    0.1444445837D-01    0.2790455101D+04    0.8148159116D+01    0.2170507060D+09    0.1992928532D+09
    0.1450683727D-01    0.2790431636D+04    0.8145536385D+01    0.2168998027D+09    0.1993521102D+09
    0.1456921749D-01    0.2790381575D+04    0.8141679826D+01    0.2167163514D+09    0.1993543089D+09
    0.1463159920D-01    0.2790313599D+04    0.8138915593D+01    0.2165307593D+09    0.1993894942D+09
    0.1469398209D-01    0.2790248489D+04    0.8137424224D+01    0.2163553568D+09    0.1994163706D+09
    0.1475636531D-01    0.2790207956D+04    0.8134969767D+01    0.2161716713D+09    0.1994348658D+09
    0.1481874721D-01    0.2790218675D+04    0.8132339797D+01    0.2160776330D+09    0.1995044932D+09
    0.1488112705D-01    0.2790327026D+04    0.8130841620D+01    0.2161003770D+09    0.1996559242D+09
    0.1494350580D-01    0.2790402290D+04    0.8129799657D+01    0.2161010383D+09    0.1997718297D+09
    0.1500588477D-01    0.2790424038D+04    0.8128705729D+01    0.2160498016D+09    0.1998307815D+09
    0.1506826488D-01    0.2790383483D+04    0.8124853376D+01    0.2160099594D+09    0.1998253886D+09
    0.1513064641D-01    0.2790321000D+04    0.8116540445D+01    0.2159786056D+09    0.1997694846D+09
    0.1519302923D-01    0.2790257100D+04    0.8104509909D+01    0.2159831781D+09    0.1997144602D+09
    0.1525541261D-01    0.2790205652D+04    0.8091886428D+01    0.2160101948D+09    0.1996632065D+09
    0.1531779523D-01    0.2790207338D+04    0.8079528320D+01    0.2160154392D+09    0.1996441663D+09
    0.1538017587D-01    0.2790273420D+04    0.8071553045D+01    0.2160383061D+09    0.1997003216D+09
    0.1544255493D-01    0.2790384048D+04    0.8062199939D+01    0.2160594486D+09    0.1998248463D+09
    0.1550493379D-01    0.2790415207D+04    0.8048109888D+01    0.2159990070D+09    0.1999439207D+09
    0.1556731340D-01    0.2790401222D+04    0.8044218202D+01    0.2158932853D+09    0.2000000000D+09
    0.1562969427D-01    0.2790349384D+04    0.8055272551D+01    0.2159868713D+09    0.2000000000D+09
    0.1569207632D-01    0.2790287146D+04    0.8078890981D+01    0.2162341708D+09    0.2000000000D+09
    0.1575445893D-01    0.2790244815D+04    0.8106257554D+01    0.2165201247D+09    0.2000000000D+09
    0.1581684146D-01    0.2790236803D+04    0.8131502534D+01    0.2167803850D+09    0.2000000000D+09
    0.1587922251D-01    0.2790251145D+04    0.8153407791D+01    0.2169882567D+09    0.2000000000D+09
    0.1594160138D-01    0.2790370316D+04    0.8174528519D+01    0.2171628651D+09    0.2000000000D+09
    0.1600397913D-01    0.2790445351D+04    0.8196412015D+01    0.2172826646D+09    0.2000000000D+09
    0.1606635702D-01    0.2790471107D+04    0.8217476875D+01    0.2174200704D+09    0.2000000000D+09
    0.1612873575D-01    0.2790433164D+04    0.8228203092D+01    0.2176309782D+09    0.2000000000D+09
    0.1619111555D-01    0.2790394931D+04    0.8230768467D+01    0.2179611714D+09    0.1999990311D+09
    0.1625349640D-01    0.2790337917D+04    0.8229779943D+01    0.2182811111D+09    0.1999743462D+09
    0.1631587759D-01    0.2790300867D+04    0.8229336902D+01    0.2185941339D+09    0.1999586159D+09
    0.1637825786D-01    0.2790307606D+04    0.8232228981D+01    0.2188199240D+09    0.1999593891D+09
    0.1644063622D-01    0.2790383848D+04    0.8238430311D+01    0.2189941070D+09    0.1999675321D+09
    0.1650301291D-01    0.2790477242D+04    0.8248770361D+01    0.2190978621D+09    0.1999901381D+09
    0.1656538920D-01    0.2790533874D+04    0.8261785681D+01    0.2191743792D+09    0.2000000000D+09
    0.1662776617D-01    0.2790513244D+04    0.8272311213D+01    0.2192598814D+09    0.2000000000D+09
    0.1669014438D-01    0.2790473239D+04    0.8285790390D+01    0.2192816859D+09    0.2000000000D+09
    0.1675252390D-01    0.2790401469D+04    0.8297189969D+01    0.2193288840D+09    0.2000000000D+09
    0.1681490440D-01    0.2790356185D+04    0.8307557979D+01    0.2193568810D+09    0.2000000000D+09
    0.1687728487D-01    0.2790314029D+04    0.8317077863D+01    0.2193703465D+09    0.2000000000D+09
    0.1693966376D-01    0.2790359220D+04    0.8328642641D+01    0.2193510726D+09    0.2000000000D+09
    0.1700204081D-01    0.2790455421D+04    0.8341498925D+01    0.2193190419D+09    0.2000000000D+09
    0.1706441689D-01    0.2790522917D+04    0.8352358557D+01    0.2193081149D+09    0.2000000000D+09
    0.1712679326D-01    0.2790543129D+04    0.8358579208D+01    0.2193746424D+09    0.2000000000D+09
    0.1718917068D-01    0.2790496216D+04    0.8357427985D+01    0.2195432425D+09    0.1999852118D+09
    0.1725154935D-01    0.2790449594D+04    0.8350157969D+01    0.2197433431D+09    0.1999419307D+09
    0.1731392892D-01    0.2790384967D+04    0.8344531704D+01    0.2199534223D+09    0.1998596307D+09
    0.1737630900D-01    0.2790367851D+04    0.8336452602D+01    0.2201083538D+09    0.1998240937D+09
    0.1743868840D-01    0.2790340345D+04    0.8347712738D+01    0.2202668294D+09    0.1997173937D+09
    0.1750106573D-01    0.2790428290D+04    0.8332724798D+01    0.2203164722D+09    0.1997588030D+09
    0.1756344144D-01    0.2790525667D+04    0.8331442827D+01    0.2203624746D+09    0.1997903955D+09
    0.1762581682D-01    0.2790572736D+04    0.8334219548D+01    0.2203591937D+09    0.1998001623D+09
    0.1768819303D-01    0.2790555880D+04    0.8337358422D+01    0.2203419045D+09    0.1998206402D+09
    0.1775057050D-01    0.2790497799D+04    0.8344061383D+01    0.2203423981D+09    0.1998410508D+09
    0.1781294921D-01    0.2790444088D+04    0.8354979389D+01    0.2203577803D+09    0.1998450758D+09
    0.1787532878D-01    0.2790386058D+04    0.8367718064D+01    0.2203646962D+09    0.1998558028D+09
    0.1793770822D-01    0.2790367435D+04    0.8379600082D+01    0.2203832581D+09    0.1999011806D+09
    0.1800008630D-01    0.2790397452D+04    0.8389061528D+01    0.2203984453D+09    0.1999625137D+09
    0.1806246257D-01    0.2790489358D+04    0.8398450180D+01    0.2203605925D+09    0.2000000000D+09
    0.1812483811D-01    0.2790559765D+04    0.8415373549D+01    0.2202063873D+09    0.2000000000D+09
    0.1818721412D-01    0.2790553759D+04    0.8427199753D+01    0.2200331787D+09    0.2000000000D+09
    0.1824959113D-01    0.2790518708D+04    0.8434098261D+01    0.2199715702D+09    0.2000000000D+09
    0.1831196928D-01    0.2790463324D+04    0.8424870852D+01    0.2201667195D+09    0.1999378868D+09
    0.1837434845D-01    0.2790417033D+04    0.8407274848D+01    0.2204520114D+09    0.1998287381D+09
    0.1843672789D-01    0.2790372350D+04    0.8396038247D+01    0.2206857772D+09    0.1997395086D+09
    0.1849910629D-01    0.2790392857D+04    0.8388291152D+01    0.2208757847D+09    0.1997144478D+09
    0.1856148277D-01    0.2790465524D+04    0.8381818082D+01    0.2210243528D+09    0.1997220017D+09
    0.1862385766D-01    0.2790564440D+04    0.8379309774D+01    0.2211421220D+09    0.1997198560D+09
    0.1868623231D-01    0.2790606964D+04    0.8380095638D+01    0.2212176405D+09    0.1997138533D+09
    0.1874860773D-01    0.2790587261D+04    0.8387364271D+01    0.2212817731D+09    0.1997428165D+09
    0.1881098446D-01    0.2790537528D+04    0.8396135853D+01    0.2212952214D+09    0.1997666263D+09
    0.1887336243D-01    0.2790470150D+04    0.8409338546D+01    0.2213656498D+09    0.1998347835D+09
    0.1893574140D-01    0.2790426370D+04    0.8420965494D+01    0.2213980526D+09    0.1998792926D+09
    0.1899812028D-01    0.2790380440D+04    0.8431825554D+01    0.2213836391D+09    0.1999505333D+09
    0.1906049769D-01    0.2790434495D+04    0.8445532209D+01    0.2213186568D+09    0.2000000000D+09
    0.1912287340D-01    0.2790511983D+04    0.8468012100D+01    0.2210751476D+09    0.2000000000D+09
    0.1918524825D-01    0.2790587290D+04    0.8495129241D+01    0.2208201304D+09    0.2000000000D+09
    0.1924762362D-01    0.2790588696D+04    0.8511378517D+01    0.2206837977D+09    0.2000000000D+09
    0.1930999998D-01    0.2790540099D+04    0.8515563541D+01    0.2207373935D+09    0.1999948597D+09
    0.1937237740D-01    0.2790500895D+04    0.8503639803D+01    0.2210349244D+09    0.1999213665D+09
    0.1943475568D-01    0.2790444332D+04    0.8483963691D+01    0.2214153144D+09    0.1998305489D+09
    0.1949713416D-01    0.2790424694D+04    0.8469521099D+01    0.2218012879D+09    0.1997364902D+09
    0.1955951149D-01    0.2790426157D+04    0.8458951348D+01    0.2221450196D+09    0.1996710404D+09
    0.1962188665D-01    0.2790527899D+04    0.8453144779D+01    0.2224045414D+09    0.1996551070D+09
    0.1968426032D-01    0.2790619828D+04    0.8452014750D+01    0.2226277041D+09    0.1996754470D+09
    0.1974663365D-01    0.2790661915D+04    0.8455986353D+01    0.2228267001D+09    0.1997201803D+09
    0.1980900770D-01    0.2790649810D+04    0.8466148088D+01    0.2229622928D+09    0.1997721286D+09
    0.1987138302D-01    0.2790597494D+04    0.8479252820D+01    0.2230697785D+09    0.1998704007D+09
    0.1993375972D-01    0.2790536433D+04    0.8495250070D+01    0.2231445992D+09    0.2000000000D+09
    0.1999613743D-01    0.2790473465D+04    0.8521427131D+01    0.2230269325D+09    0.2000000000D+09
    0.2005851511D-01    0.2790446712D+04    0.8563125777D+01    0.2227116448D+09    0.2000000000D+09
    0.2012089143D-01    0.2790475623D+04    0.8601047696D+01    0.2224514003D+09    0.2000000000D+09
    0.2018326582D-01    0.2790568865D+04    0.8629048890D+01    0.2223173051D+09    0.2000000000D+09
    0.2024563926D-01    0.2790647815D+04    0.8646057342D+01    0.2223984593D+09    0.2000000000D+09
    0.2030801302D-01    0.2790654429D+04    0.8646661933D+01    0.2226317488D+09    0.1999960560D+09
    0.2037038757D-01    0.2790618845D+04    0.8640372192D+01    0.2230576081D+09    0.1999728901D+09
    0.2043276316D-01    0.2790583114D+04    0.8631579761D+01    0.2235158580D+09    0.1999481023D+09
    0.2049513960D-01    0.2790526776D+04    0.8628824928D+01    0.2239987351D+09    0.1999136277D+09
    0.2055751587D-01    0.2790506624D+04    0.8628009610D+01    0.2244668844D+09    0.1999140778D+09
    0.2061989082D-01    0.2790541822D+04    0.8627697659D+01    0.2249744638D+09    0.1999864932D+09
    0.2068226356D-01    0.2790625380D+04    0.8628621560D+01    0.2253732191D+09    0.2000000000D+09
    0.2074463453D-01    0.2790738744D+04    0.8632600331D+01    0.2257727243D+09    0.2000000000D+09
    0.2080700509D-01    0.2790784323D+04    0.8649884799D+01    0.2261982707D+09    0.2000000000D+09
    0.2086937629D-01    0.2790775184D+04    0.8677260954D+01    0.2266022929D+09    0.2000000000D+09
    0.2093174848D-01    0.2790727810D+04    0.8725839119D+01    0.2270666081D+09    0.2000000000D+09
    0.2099412160D-01    0.2790685763D+04    0.8783234981D+01    0.2274191790D+09    0.2000000000D+09
    0.2105649501D-01    0.2790644606D+04    0.8863310568D+01    0.2279517182D+09    0.2000000000D+09
    0.2111886745D-01    0.2790659898D+04    0.8953231681D+01    0.2286215481D+09    0.2000000000D+09
    0.2118123748D-01    0.2790731215D+04    0.9053377376D+01    0.2293884294D+09    0.2000000000D+09
    0.2124360474D-01    0.2790875813D+04    0.9164225687D+01    0.2305443872D+09    0.2000000000D+09
    0.2130596979D-01    0.2790979383D+04    0.9290883607D+01    0.2321566563D+09    0.2000000000D+09
    0.2136833317D-01    0.2791073131D+04    0.9441988030D+01    0.2344434039D+09    0.2000000000D+09
    0.2143069505D-01    0.2791129489D+04    0.9614912034D+01    0.2375865057D+09    0.2000000000D+09
    0.2149305472D-01    0.2791207052D+04    0.9833143766D+01    0.2416320793D+09    0.2000000000D+09
    0.2155541092D-01    0.2791326906D+04    0.1012617778D+02    0.2467843852D+09    0.2000000000D+09
    0.2161776173D-01    0.2791518145D+04    0.1050299716D+02    0.2532042170D+09    0.2000000000D+09
    0.2168010468D-01    0.2791810080D+04    0.1098909299D+02    0.2609849000D+09    0.2000000000D+09
    0.2174243759D-01    0.2792221692D+04    0.1158875887D+02    0.2704503540D+09    0.2000000000D+09
    0.2180475988D-01    0.2792708561D+04    0.1231381145D+02    0.2814749740D+09    0.2000000000D+09
    0.2186707122D-01    0.2793174098D+04    0.1321384540D+02    0.2944745140D+09    0.2000000000D+09
    0.2192937060D-01    0.2793691012D+04    0.1424419919D+02    0.3099701650D+09    0.2000000000D+09
    0.2199165660D-01    0.2794245386D+04    0.1545749319D+02    0.3275988671D+09    0.2000000000D+09
    0.2205392700D-01    0.2794891718D+04    0.1684460187D+02    0.3479779008D+09    0.2000000000D+09
    0.2211617893D-01    0.2795646210D+04    0.1842222359D+02    0.3709682285D+09    0.2000000000D+09
    0.2217840914D-01    0.2796549939D+04    0.2019245022D+02    0.3969343563D+09    0.2000000000D+09
    0.2224061418D-01    0.2797598069D+04    0.2214930116D+02    0.4257814141D+09    0.2000000000D+09
    0.2230279154D-01    0.2798813794D+04    0.2430167082D+02    0.4576894634D+09    0.2000000000D+09
    0.2236494016D-01    0.2800088981D+04    0.2663652745D+02    0.4927938700D+09    0.2000000000D+09
    0.2242705894D-01    0.2801403261D+04    0.2914394754D+02    0.5309743110D+09    0.2000000000D+09
    0.2248914618D-01    0.2802780261D+04    0.3182666371D+02    0.5722114895D+09    0.2000000000D+09
    0.2255120000D-01    0.2804249710D+04    0.3467333321D+02    0.6161663578D+09    0.2000000000D+09
    0.2261321859D-01    0.2805799999D+04    0.3769789879D+02    0.6628214388D+09    0.2000000000D+09
    0.2267519921D-01    0.2807437484D+04    0.4087124024D+02    0.7116416710D+09    0.2000000000D+09
    0.2273713899D-01    0.2809238051D+04    0.4421969764D+02    0.7630098931D+09    0.2000000000D+09
    0.2279903607D-01    0.2811140834D+04    0.4768005781D+02    0.8160064930D+09    0.2000000000D+09
    0.2286088987D-01    0.2813115509D+04    0.5133909708D+02    0.8712429960D+09    0.2000000000D+09
    0.2292270078D-01    0.2815076409D+04    0.5506226563D+02    0.9281017091D+09    0.2000000000D+09
    0.2298446867D-01    0.2817020342D+04    0.5893212075D+02    0.9862333804D+09    0.2000000000D+09
    0.2304619290D-01    0.2818999263D+04    0.6289539641D+02    0.1046112280D+10    0.2000000000D+09
    0.2310787237D-01    0.2821006682D+04    0.6696618255D+02    0.1107393969D+10    0.2000000000D+09
    0.2316950546D-01    0.2823093085D+04    0.7110745830D+02    0.1170124633D+10    0.2000000000D+09
    0.2323109014D-01    0.2825252849D+04    0.7533896778D+02    0.1234587779D+10    0.2000000000D+09
    0.2329262424D-01    0.2827534279D+04    0.7959314734D+02    0.1300239067D+10    0.2000000000D+09
    0.2335410730D-01    0.2829898427D+04    0.8395835267D+02    0.1367638482D+10    0.2000000000D+09
    0.2341554014D-01    0.2832231927D+04    0.8831977322D+02    0.1436030162D+10    0.2000000000D+09
    0.2347692319D-01    0.2834526415D+04    0.9276231572D+02    0.1505307526D+10    0.2000000000D+09
    0.2353825648D-01    0.2836827671D+04    0.9725065390D+02    0.1575846687D+10    0.2000000000D+09
    0.2359953958D-01    0.2839129095D+04    0.1017914099D+03    0.1647197810D+10    0.2000000000D+09
    0.2366077172D-01    0.2841475090D+04    0.1063771929D+03    0.1719492689D+10    0.2000000000D+09
    0.2372195192D-01    0.2843857060D+04    0.1110037973D+03    0.1792374901D+10    0.2000000000D+09
    0.2378307852D-01    0.2846302048D+04    0.1156852970D+03    0.1866046132D+10    0.2000000000D+09
    0.2384415083D-01    0.2848846568D+04    0.1203817311D+03    0.1940330881D+10    0.2000000000D+09
    0.2390516974D-01    0.2851364854D+04    0.1251279864D+03    0.2014954706D+10    0.2000000000D+09
    0.2396613638D-01    0.2853834773D+04    0.1299052699D+03    0.2090147403D+10    0.2000000000D+09
    0.2402705138D-01    0.2856255697D+04    0.1347198101D+03    0.2165698224D+10    0.2000000000D+09
    0.2408791503D-01    0.2858676270D+04    0.1395638210D+03    0.2241627871D+10    0.2000000000D+09
    0.2414872714D-01    0.2861077239D+04    0.1444351372D+03    0.2317934221D+10    0.2000000000D+09
    0.2420948697D-01    0.2863523300D+04    0.1493211283D+03    0.2394674221D+10    0.2000000000D+09
    0.2427019311D-01    0.2866003509D+04    0.1542159665D+03    0.2472014460D+10    0.2000000000D+09
    0.2433084446D-01    0.2868591043D+04    0.1591016098D+03    0.2549997291D+10    0.2000000000D+09
    0.2439144104D-01    0.2871183397D+04    0.1639835828D+03    0.2628527818D+10    0.2000000000D+09
    0.2445198397D-01    0.2873778770D+04    0.1688643729D+03    0.2707646345D+10    0.2000000000D+09
    0.2451247431D-01    0.2876274669D+04    0.1737422936D+03    0.2787148412D+10    0.2000000000D+09
    0.2457291258D-01    0.2878777297D+04    0.1786279381D+03    0.2866862948D+10    0.2000000000D+09
    0.2463329896D-01    0.2881233172D+04    0.1835210267D+03    0.2946762157D+10    0.2000000000D+09
    0.2469363328D-01    0.2883726444D+04    0.1884214811D+03    0.3026766690D+10    0.2000000000D+09
    0.2475391484D-01    0.2886208370D+04    0.1933272723D+03    0.3106845587D+10    0.2000000000D+09
    0.2481414253D-01    0.2888775834D+04    0.1982360798D+03    0.3186944344D+10    0.2000000000D+09
    0.2487431628D-01    0.2891374085D+04    0.2031453174D+03    0.3267034837D+10    0.2000000000D+09
    0.2493443736D-01    0.2893956367D+04    0.2080511909D+03    0.3347125914D+10    0.2000000000D+09
    0.2499450712D-01    0.2896443713D+04    0.2129492033D+03    0.3427176787D+10    0.2000000000D+09
    0.2505452656D-01    0.2898902183D+04    0.2178401141D+03    0.3507107090D+10    0.2000000000D+09
    0.2511449621D-01    0.2901302663D+04    0.2227228499D+03    0.3586847459D+10    0.2000000000D+09
    0.2517441628D-01    0.2903718031D+04    0.2275952179D+03    0.3666320546D+10    0.2000000000D+09
    0.2523428666D-01    0.2906106293D+04    0.2324512788D+03    0.3745501603D+10    0.2000000000D+09
    0.2529410647D-01    0.2908539298D+04    0.2372811138D+03    0.3824428620D+10    0.2000000000D+09
    0.2535387494D-01    0.2911022593D+04    0.2420694244D+03    0.3903189688D+10    0.2000000000D+09
    0.2541359272D-01    0.2913537673D+04    0.2468011155D+03    0.3981906125D+10    0.2000000000D+09
    0.2547326132D-01    0.2915967178D+04    0.2514647878D+03    0.4060544863D+10    0.2000000000D+09
    0.2553288214D-01    0.2918341958D+04    0.2560670462D+03    0.4138843467D+10    0.2000000000D+09
    0.2559245641D-01    0.2920642554D+04    0.2606176946D+03    0.4216421776D+10    0.2000000000D+09
    0.2565198499D-01    0.2922904640D+04    0.2651235801D+03    0.4292893837D+10    0.2000000000D+09
    0.2571146845D-01    0.2925127175D+04    0.2695763651D+03    0.4368106813D+10    0.2000000000D+09
    0.2577090687D-01    0.2927340656D+04    0.2739569597D+03    0.4442042919D+10    0.2000000000D+09
    0.2583030025D-01    0.2929562646D+04    0.2782467441D+03    0.4514663038D+10    0.2000000000D+09
    0.2588964943D-01    0.2931781285D+04    0.2824355819D+03    0.4585719232D+10    0.2000000000D+09
    0.2594895685D-01    0.2933928122D+04    0.2865216934D+03    0.4654811588D+10    0.2000000000D+09
    0.2600822521D-01    0.2935911748D+04    0.2904982962D+03    0.4721530702D+10    0.2000000000D+09
    0.2606745677D-01    0.2937796547D+04    0.2943476331D+03    0.4785618172D+10    0.2000000000D+09
    0.2612665351D-01    0.2939560247D+04    0.2980387028D+03    0.4847016789D+10    0.2000000000D+09
    0.2618581717D-01    0.2941253369D+04    0.3015423598D+03    0.4905596019D+10    0.2000000000D+09
    0.2624494915D-01    0.2942849063D+04    0.3048370945D+03    0.4961051622D+10    0.2000000000D+09
    0.2630405050D-01    0.2944405415D+04    0.3079072549D+03    0.5013014436D+10    0.2000000000D+09
    0.2636312289D-01    0.2945901309D+04    0.3107334655D+03    0.5061157287D+10    0.2000000000D+09
    0.2642216936D-01    0.2947292099D+04    0.3132990901D+03    0.5105194344D+10    0.2000000000D+09
    0.2648119371D-01    0.2948487876D+04    0.3155926256D+03    0.5144820585D+10    0.2000000000D+09
    0.2654019952D-01    0.2949501871D+04    0.3176062562D+03    0.5179863861D+10    0.2000000000D+09
    0.2659918987D-01    0.2950340528D+04    0.3193319726D+03    0.5210303261D+10    0.2000000000D+09
    0.2665816751D-01    0.2951048681D+04    0.3207742997D+03    0.5236111816D+10    0.2000000000D+09
    0.2671713481D-01    0.2951611794D+04    0.3219504225D+03    0.5257292022D+10    0.2000000000D+09
    0.2677609323D-01    0.2952084284D+04    0.3228845169D+03    0.5273982462D+10    0.2000000000D+09
    0.2683504382D-01    0.2952500406D+04    0.3236133083D+03    0.5286694970D+10    0.2000000000D+09
    0.2689398829D-01    0.2952869677D+04    0.3241451912D+03    0.5295983249D+10    0.2000000000D+09
    0.2695292905D-01    0.2953112006D+04    0.3245387685D+03    0.5302260966D+10    0.2000000000D+09
    0.2701186824D-01    0.2953242749D+04    0.3248005526D+03    0.5306579501D+10    0.2000000000D+09
    0.2707080745D-01    0.2953268789D+04    0.3249728895D+03    0.5309010035D+10    0.2000000000D+09
    0.2712974739D-01    0.2953239799D+04    0.3250863066D+03    0.5310055663D+10    0.2000000000D+09
    0.2718868816D-01    0.2953196583D+04    0.3251823648D+03    0.5310339110D+10    0.2000000000D+09
    0.2724762922D-01    0.2953156521D+04    0.3252719963D+03    0.5310220713D+10    0.2000000000D+09
    0.2730656934D-01    0.2953167466D+04    0.3253379709D+03    0.5310227684D+10    0.2000000000D+09
    0.2736550747D-01    0.2953250795D+04    0.3253725656D+03    0.5310742076D+10    0.2000000000D+09
    0.2742444405D-01    0.2953367314D+04    0.3253740708D+03    0.5311498028D+10    0.2000000000D+09
    0.2748338020D-01    0.2953405622D+04    0.3253889774D+03    0.5312266036D+10    0.1999730109D+09
    0.2754231678D-01    0.2953410435D+04    0.3253934293D+03    0.5312878601D+10    0.1998962888D+09
    0.2760125422D-01    0.2953362314D+04    0.3253950943D+03    0.5313307482D+10    0.1998875749D+09
    0.2766019244D-01    0.2953324813D+04    0.3253952378D+03    0.5313717351D+10    0.1999113271D+09
    0.2771913089D-01    0.2953283888D+04    0.3253830285D+03    0.5314341311D+10    0.1998066757D+09
    0.2777806855D-01    0.2953302150D+04    0.3253634461D+03    0.5315072059D+10    0.1996804172D+09
    0.2783700453D-01    0.2953362395D+04    0.3253518763D+03    0.5315718307D+10    0.1995629034D+09
    0.2789593886D-01    0.2953470481D+04    0.3253564753D+03    0.5316115559D+10    0.1994780502D+09
    0.2795487262D-01    0.2953528099D+04    0.3253704940D+03    0.5316287940D+10    0.1994190954D+09
    0.2801380683D-01    0.2953527169D+04    0.3253843263D+03    0.5316398052D+10    0.1993776833D+09
    0.2807274194D-01    0.2953483941D+04    0.3253964919D+03    0.5316511989D+10    0.1993507558D+09
    0.2813167814D-01    0.2953435924D+04    0.3254097685D+03    0.5316672044D+10    0.1993391420D+09
    0.2819061530D-01    0.2953375680D+04    0.3254264379D+03    0.5316845974D+10    0.1993417943D+09
    0.2824955283D-01    0.2953338767D+04    0.3254622771D+03    0.5316631811D+10    0.1994612965D+09
    0.2830848980D-01    0.2953338927D+04    0.3255287257D+03    0.5315958704D+10    0.1997052426D+09
    0.2836742561D-01    0.2953395584D+04    0.3255992476D+03    0.5315145267D+10    0.2000000000D+09
    0.2842636077D-01    0.2953454548D+04    0.3256594956D+03    0.5314431952D+10    0.2000000000D+09
    0.2848529616D-01    0.2953460731D+04    0.3257024671D+03    0.5313810291D+10    0.2000000000D+09
    0.2854423216D-01    0.2953431602D+04    0.3256994234D+03    0.5313887168D+10    0.1999365589D+09
    0.2860316864D-01    0.2953399590D+04    0.3256341823D+03    0.5314819879D+10    0.1996020474D+09
    0.2866210550D-01    0.2953383460D+04    0.3255633907D+03    0.5315962680D+10    0.1991708895D+09
    0.2872104252D-01    0.2953360900D+04    0.3255083899D+03    0.5316957420D+10    0.1988492185D+09
    0.2877997901D-01    0.2953368046D+04    0.3254785996D+03    0.5317347321D+10    0.1987239861D+09
    0.2883891394D-01    0.2953414244D+04    0.3254745471D+03    0.5317457955D+10    0.1987517242D+09
    0.2889784740D-01    0.2953523998D+04    0.3254816807D+03    0.5317595691D+10    0.1988360311D+09
    0.2895678033D-01    0.2953561604D+04    0.3254835283D+03    0.5317703512D+10    0.1988604145D+09
    0.2901571364D-01    0.2953577214D+04    0.3254776473D+03    0.5317970067D+10    0.1989769183D+09
    0.2907464786D-01    0.2953523393D+04    0.3254737477D+03    0.5318215821D+10    0.1988713757D+09
    0.2913358313D-01    0.2953486779D+04    0.3254735877D+03    0.5318485893D+10    0.1987988096D+09
    0.2919251931D-01    0.2953417336D+04    0.3255050184D+03    0.5318495605D+10    0.1988529050D+09
    0.2925145576D-01    0.2953395808D+04    0.3255398147D+03    0.5318156250D+10    0.1988822108D+09
    0.2931039140D-01    0.2953389846D+04    0.3255921944D+03    0.5317653432D+10    0.1989919158D+09
    0.2936932559D-01    0.2953478063D+04    0.3256309528D+03    0.5317337875D+10    0.1992106537D+09
    0.2942825911D-01    0.2953534114D+04    0.3256710476D+03    0.5317004600D+10    0.1993353563D+09
    0.2948719291D-01    0.2953546068D+04    0.3257098931D+03    0.5316681418D+10    0.1994526299D+09
    0.2954612749D-01    0.2953504811D+04    0.3257617495D+03    0.5316715509D+10    0.1994795550D+09
    0.2960506289D-01    0.2953469046D+04    0.3258233314D+03    0.5317070938D+10    0.1993689293D+09
    0.2966399863D-01    0.2953422208D+04    0.3259010088D+03    0.5317972038D+10    0.1990284290D+09
    0.2972293370D-01    0.2953434807D+04    0.3259525638D+03    0.5319488256D+10    0.1984251678D+09
    0.2978186665D-01    0.2953490055D+04    0.3259951049D+03    0.5321712610D+10    0.1975480647D+09
    0.2984079605D-01    0.2953646696D+04    0.3260814127D+03    0.5324736100D+10    0.1965160739D+09
    0.2989972125D-01    0.2953845672D+04    0.3262603474D+03    0.5328687806D+10    0.1950473588D+09
    0.2995864215D-01    0.2954067899D+04    0.3266083294D+03    0.5334416985D+10    0.1929750854D+09
    0.3001755829D-01    0.2954277079D+04    0.3271449863D+03    0.5342448705D+10    0.1902430390D+09
    0.3007646847D-01    0.2954545134D+04    0.3278565325D+03    0.5353042216D+10    0.1863154024D+09
    0.3013537112D-01    0.2954875089D+04    0.3287452157D+03    0.5366324993D+10    0.1814343510D+09
    0.3019426414D-01    0.2955300554D+04    0.3298204247D+03    0.5382544502D+10    0.1755602180D+09
    0.3025314462D-01    0.2955841599D+04    0.3311374096D+03    0.5402018624D+10    0.1684600350D+09
    0.3031200883D-01    0.2956558694D+04    0.3327513173D+03    0.5425526238D+10    0.1598437744D+09
    0.3037085365D-01    0.2957477249D+04    0.3347087603D+03    0.5453755468D+10    0.1495613347D+09
    0.3042967709D-01    0.2958506564D+04    0.3370108087D+03    0.5486890630D+10    0.1375773559D+09
    0.3048847771D-01    0.2959627371D+04    0.3396465486D+03    0.5524739979D+10    0.1240042026D+09
    0.3054725389D-01    0.2960803711D+04    0.3425565063D+03    0.5566888541D+10    0.1089085598D+09
    0.3060600393D-01    0.2962089005D+04    0.3456713360D+03    0.5612750891D+10    0.9242316003D+08
    0.3066472630D-01    0.2963439581D+04    0.3489305004D+03    0.5661645125D+10    0.7486862888D+08
    0.3072341977D-01    0.2964880298D+04    0.3522966630D+03    0.5712418863D+10    0.5659986455D+08
    0.3078208318D-01    0.2966359210D+04    0.3557426437D+03    0.5763918675D+10    0.3811315163D+08
    0.3084071576D-01    0.2967919504D+04    0.3592178863D+03    0.5815403678D+10    0.1977167771D+08
    0.3089931821D-01    0.2969479520D+04    0.3626420372D+03    0.5866503137D+10    0.1505995080D+07
    0.3095789214D-01    0.2970972614D+04    0.3659402728D+03    0.5917195613D+10   -0.1654821957D+08
    0.3101643937D-01    0.2972370949D+04    0.3690925810D+03    0.5966791957D+10   -0.3419990146D+08
    0.3107496173D-01    0.2973683352D+04    0.3721219541D+03    0.6014247027D+10   -0.5111097380D+08
    0.3113346065D-01    0.2974897705D+04    0.3750464063D+03    0.6059111311D+10   -0.6694994489D+08
    0.3119193698D-01    0.2976067783D+04    0.3778576411D+03    0.6101521352D+10   -0.8188567764D+08
    0.3125039104D-01    0.2977195474D+04    0.3805456281D+03    0.6141936329D+10   -0.9614826349D+08
    0.3130882249D-01    0.2978336351D+04    0.3831214301D+03    0.6180773020D+10   -0.1098926629D+09
    0.3136723167D-01    0.2979500273D+04    0.3856032881D+03    0.6218487017D+10   -0.1231470518D+09
    0.3142562029D-01    0.2980607017D+04    0.3879926658D+03    0.6255011874D+10   -0.1360570523D+09
    0.3148399020D-01    0.2981600283D+04    0.3902861668D+03    0.6290241755D+10   -0.1484511703D+09
    0.3154234335D-01    0.2982516794D+04    0.3924949807D+03    0.6323838345D+10   -0.1601038639D+09
    0.3160068212D-01    0.2983313709D+04    0.3945716317D+03    0.6353967214D+10   -0.1708808723D+09
    0.3165900920D-01    0.2983987247D+04    0.3964415197D+03    0.6379728807D+10   -0.1798266744D+09
    0.3171732729D-01    0.2984509914D+04    0.3979506137D+03    0.6399720768D+10   -0.1867619088D+09
    0.3177563856D-01    0.2984907480D+04    0.3989524939D+03    0.6413478404D+10   -0.1915658717D+09
    0.3183394481D-01    0.2985207213D+04    0.3993541403D+03    0.6421471036D+10   -0.1944110053D+09
    0.3189224781D-01    0.2985422092D+04    0.3995058315D+03    0.6426077175D+10   -0.1960445748D+09
    0.3195054934D-01    0.2985540597D+04    0.3995737326D+03    0.6429060739D+10   -0.1971360550D+09
    0.3200885061D-01    0.2985571667D+04    0.3996330597D+03    0.6431270724D+10   -0.1978147298D+09
    0.3206715220D-01    0.2985567151D+04    0.3997105756D+03    0.6432671471D+10   -0.1984298292D+09
    0.3212545421D-01    0.2985539253D+04    0.3997776777D+03    0.6433922836D+10   -0.1987874523D+09
    0.3218375633D-01    0.2985524492D+04    0.3998263745D+03    0.6434977847D+10   -0.1991259675D+09
    0.3224205784D-01    0.2985527993D+04    0.3998567410D+03    0.6435873125D+10   -0.1994304131D+09
    0.3230035768D-01    0.2985586107D+04    0.3998746914D+03    0.6436386977D+10   -0.1997134383D+09
    0.3235865586D-01    0.2985699614D+04    0.3998855806D+03    0.6436835826D+10   -0.1997607972D+09
    0.3241695340D-01    0.2985756866D+04    0.3999005507D+03    0.6436999272D+10   -0.1999487633D+09
    0.3247525130D-01    0.2985763831D+04    0.3999034060D+03    0.6437324707D+10   -0.1999845577D+09
    0.3253355026D-01    0.2985720334D+04    0.3999046659D+03    0.6437371491D+10   -0.1999981769D+09
    0.3259185062D-01    0.2985655391D+04    0.3999208658D+03    0.6437162576D+10   -0.1999321581D+09
    0.3265015233D-01    0.2985577125D+04    0.3999685390D+03    0.6436257326D+10   -0.1996483343D+09
    0.3270845480D-01    0.2985517565D+04    0.4000192354D+03    0.6435394228D+10   -0.1993713655D+09
    0.3276675670D-01    0.2985498853D+04    0.4000463134D+03    0.6434776452D+10   -0.1991032918D+09
    0.3282505721D-01    0.2985575772D+04    0.4000812362D+03    0.6434359484D+10   -0.1989200492D+09
    0.3288335707D-01    0.2985641056D+04    0.4001217244D+03    0.6433657571D+10   -0.1986438370D+09
    0.3294165723D-01    0.2985642451D+04    0.4001653575D+03    0.6432892886D+10   -0.1983706907D+09
    0.3299995776D-01    0.2985611072D+04    0.4001722281D+03    0.6432671890D+10   -0.1983741284D+09
    0.3305825847D-01    0.2985603481D+04    0.4000898583D+03    0.6434127306D+10   -0.1989194860D+09
    0.3311655949D-01    0.2985593507D+04    0.3999553701D+03    0.6436035564D+10   -0.1996451999D+09
    0.3317486082D-01    0.2985570722D+04    0.3999075770D+03    0.6436778046D+10   -0.2000000000D+09
    0.3323316191D-01    0.2985563032D+04    0.3999164210D+03    0.6436966798D+10   -0.1999853886D+09
    0.3329146191D-01    0.2985594500D+04    0.3999257489D+03    0.6436469124D+10   -0.1998565401D+09
    0.3334976033D-01    0.2985674309D+04    0.3999238190D+03    0.6436264521D+10   -0.1998276897D+09
    0.3340805802D-01    0.2985756516D+04    0.3998687965D+03    0.6436864840D+10   -0.1999555815D+09
    0.3346635616D-01    0.2985749682D+04    0.3998485876D+03    0.6437126611D+10   -0.1999518220D+09
    0.3352465551D-01    0.2985709974D+04    0.3998415979D+03    0.6436962674D+10   -0.1995842160D+09
    0.3358295625D-01    0.2985626208D+04    0.3998481312D+03    0.6436169016D+10   -0.1998556531D+09
    0.3364125819D-01    0.2985567259D+04    0.3998693269D+03    0.6435824093D+10   -0.1999009587D+09
    0.3369956072D-01    0.2985503675D+04    0.3998779019D+03    0.6434966351D+10   -0.2000000000D+09
    0.3375786240D-01    0.2985506554D+04    0.3998610535D+03    0.6434375783D+10   -0.2000000000D+09
    0.3381616368D-01    0.2985590438D+04    0.3998313864D+03    0.6434269221D+10   -0.1999912573D+09
    0.3387446669D-01    0.2985548121D+04    0.3999222007D+03    0.6430137517D+10   -0.1997493722D+09
    0.3393277039D-01    0.2985412882D+04    0.3998312087D+03    0.6424594056D+10   -0.1999862115D+09
    0.3399107521D-01    0.2985477265D+04    0.3991970949D+03    0.6428027985D+10   -0.2000000000D+09
    0.3404939196D-01    0.2985298108D+04    0.3984955039D+03    0.6423572507D+10   -0.1998396653D+09
    0.3410772682D-01    0.2984256140D+04    0.3995363030D+03    0.6388641742D+10   -0.1973939052D+09
    0.3416606511D-01    0.2983445539D+04    0.3971887353D+03    0.6361683514D+10   -0.2000000000D+09
    0.3422444252D-01    0.2983903987D+04    0.3920883572D+03    0.6378485371D+10   -0.2000000000D+09
    0.3428290325D-01    0.2979451256D+04    0.3929552705D+03    0.6218976673D+10   -0.2000000000D+09
    0.3434143935D-01    0.2975402880D+04    0.3826707654D+03    0.6073312931D+10   -0.2000000000D+09
    0.3440017097D-01    0.2971784267D+04    0.3606898613D+03    0.5944447288D+10   -0.2000000000D+09
    0.3445922285D-01    0.2955645653D+04    0.3537235600D+03    0.5384084614D+10   -0.2000000000D+09
    0.3451889788D-01    0.2939638338D+04    0.3064759892D+03    0.4838534181D+10   -0.2000000000D+09
    0.3457956479D-01    0.2894391750D+04    0.2246448349D+03    0.3339234346D+10   -0.2000000000D+09
    0.3464109725D-01    0.2844345753D+04    0.1239509736D+03    0.1758480308D+10   -0.2000000000D+09
    0.3470306491D-01    0.2813406378D+04    0.6215948120D+02    0.8240070128D+09   -0.2000000000D+09
    0.3476516333D-01    0.2804457986D+04    0.4384750470D+02    0.5606216067D+09   -0.2000000000D+09
    0.3482730439D-01    0.2801563543D+04    0.3799262150D+02    0.4761936540D+09   -0.2000000000D+09
    0.3488945956D-01    0.2800610058D+04    0.3605869741D+02    0.4484582909D+09   -0.2000000000D+09
    0.3495161940D-01    0.2800292151D+04    0.3541361487D+02    0.4392195792D+09   -0.2000000000D+09
    0.3501378077D-01    0.2800188772D+04    0.3520345467D+02    0.4362162581D+09   -0.2000000000D+09
    0.3507594267D-01    0.2800153666D+04    0.3513300774D+02    0.4351965176D+09   -0.2000000000D+09
    0.3513810474D-01    0.2800142081D+04    0.3511063364D+02    0.4348600748D+09   -0.2000000000D+09
    0.3520026686D-01    0.2800138079D+04    0.3510285365D+02    0.4347438927D+09   -0.2000000000D+09
    0.3526242900D-01    0.2800137165D+04    0.3510001952D+02    0.4347174354D+09   -0.2000000000D+09
    0.3532459114D-01    0.2800136932D+04    0.3509884398D+02    0.4347107590D+09   -0.2000000000D+09
    0.3538675328D-01    0.2800136723D+04    0.3509840739D+02    0.4347047821D+09   -0.2000000000D+09
    0.3544891543D-01    0.2800136528D+04    0.3509821876D+02    0.4346991954D+09   -0.2000000000D+09
    0.3551107758D-01    0.2800136608D+04    0.3509775418D+02    0.4347016088D+09   -0.1999990328D+09
    0.3557323974D-01    0.2800136266D+04    0.3509782599D+02    0.4346917963D+09   -0.1999983006D+09
    0.3563540192D-01    0.2800135402D+04    0.3509917947D+02    0.4346668178D+09   -0.1999886729D+09
    0.3569756408D-01    0.2800135193D+04    0.3509871647D+02    0.4346608429D+09   -0.1999880370D+09
    0.3575972624D-01    0.2800136131D+04    0.3509613865D+02    0.4346881671D+09   -0.1999971978D+09
    0.3582188842D-01    0.2800135830D+04    0.3509576213D+02    0.4346795513D+09   -0.1999972347D+09
    0.3588405061D-01    0.2800134654D+04    0.3509795521D+02    0.4346454819D+09   -0.1999814385D+09
    0.3594621278D-01    0.2800134669D+04    0.3509653757D+02    0.4346460463D+09   -0.1999841302D+09
    0.3600837496D-01    0.2800135926D+04    0.3509316595D+02    0.4346826668D+09   -0.2000000000D+09
    0.3607053718D-01    0.2800134478D+04    0.3509539725D+02    0.4346407395D+09   -0.1999816138D+09
    0.3613269943D-01    0.2800131741D+04    0.3509771302D+02    0.4345613244D+09   -0.1999454434D+09
    0.3619486165D-01    0.2800132935D+04    0.3508906294D+02    0.4345961504D+09   -0.1999612301D+09
    0.3625702393D-01    0.2800133321D+04    0.3507838461D+02    0.4346074433D+09   -0.1999663176D+09
    0.3631918636D-01    0.2800127497D+04    0.3508205561D+02    0.4344384050D+09   -0.1998893645D+09
    0.3638134882D-01    0.2800120481D+04    0.3507974633D+02    0.4342347466D+09   -0.1997966659D+09
    0.3644351127D-01    0.2800124073D+04    0.3505960118D+02    0.4343391961D+09   -0.1998441253D+09
    0.3650567393D-01    0.2800121552D+04    0.3503633331D+02    0.4342660648D+09   -0.1998108148D+09
    0.3656783693D-01    0.2800105595D+04    0.3505180241D+02    0.4338026609D+09   -0.1995999633D+09
    0.3663000000D-01    0.2800090613D+04    0.3503155157D+02    0.4333675874D+09   -0.1994019911D+09
    0.3669216319D-01    0.2800099438D+04    0.3496577480D+02    0.4336240650D+09   -0.1995186009D+09
    0.3675432713D-01    0.2800079284D+04    0.3491753288D+02    0.4330387691D+09   -0.1992522935D+09
    0.3681649194D-01    0.2800032326D+04    0.3492997958D+02    0.4316749923D+09   -0.1986318063D+09
    0.3687865702D-01    0.2800001598D+04    0.3484539835D+02    0.4307826387D+09   -0.1982257885D+09
    0.3694082270D-01    0.2800007069D+04    0.3469158352D+02    0.4309416600D+09   -0.1982980809D+09
    0.3700299013D-01    0.2799947519D+04    0.3458971038D+02    0.4292123621D+09   -0.1975112010D+09
    0.3706515933D-01    0.2799849600D+04    0.3458936383D+02    0.4263691161D+09   -0.1962173313D+09
    0.3712732943D-01    0.2799788069D+04    0.3437033724D+02    0.4245826802D+09   -0.1954042917D+09
    0.3718950132D-01    0.2799768682D+04    0.3402579703D+02    0.4240198284D+09   -0.1951481158D+09
    0.3725167758D-01    0.2799627024D+04    0.3385830610D+02    0.4199077892D+09   -0.1932762990D+09
    0.3731385856D-01    0.2799375079D+04    0.3358045566D+02    0.4125963605D+09   -0.1899471818D+09
    0.3737604530D-01    0.2799202151D+04    0.3296608799D+02    0.4075796664D+09   -0.1876621719D+09
    0.3743824656D-01    0.2798856014D+04    0.3182076094D+02    0.3975423065D+09   -0.1830884382D+09
    0.3750047847D-01    0.2797895900D+04    0.3012746617D+02    0.3697292809D+09   -0.1704018438D+09
    0.3756276523D-01    0.2796099493D+04    0.2564322220D+02    0.3178046381D+09   -0.1466647560D+09
    0.3762512527D-01    0.2792970770D+04    0.1850647290D+02    0.2276950228D+09   -0.1053229231D+09
    0.3768755274D-01    0.2789533018D+04    0.1049092752D+02    0.1291577388D+09   -0.5989768923D+08
    0.3775002251D-01    0.2786939943D+04    0.4495701131D+01    0.5516156625D+08   -0.2563371225D+08
    0.3781251020D-01    0.2785755269D+04    0.1749211328D+01    0.2145369627D+08   -0.9979862181D+07
    0.3787500461D-01    0.2785342044D+04    0.7921690510D+00    0.9712539790D+07   -0.4519643331D+07
    0.3793750207D-01    0.2785155804D+04    0.3608392638D+00    0.4423469822D+07   -0.2058739168D+07
    0.3800000092D-01    0.2785070743D+04    0.1638431251D+00    0.2008339805D+07   -0.9347725487D+06
    0.3806250041D-01    0.2785031825D+04    0.7371833430D-01    0.9034649413D+06   -0.4205271798D+06
    0.3812500018D-01    0.2785014145D+04    0.3278134008D-01    0.4015375210D+06   -0.1869025296D+06
    0.3818750008D-01    0.2785006195D+04    0.1437787235D-01    0.1758652545D+06   -0.8186007012D+05
    0.3825000003D-01    0.2785002690D+04    0.6248305436D-02    0.7636087216D+05   -0.3554382683D+05
    0.3831250002D-01    0.2785001184D+04    0.2745489381D-02    0.3361971101D+05   -0.1564899015D+05
    0.3837500001D-01    0.2785000532D+04    0.1231229437D-02    0.1509101062D+05   -0.7024485931D+04
    0.3843750000D-01    0.2785000237D+04    0.5493301923D-03    0.6726662638D+04   -0.3131094705D+04
    0.3850000000D-01    0.2785000103D+04    0.2397263627D-03    0.2932314140D+04   -0.1364931633D+04
    0.3856250000D-01    0.2785000045D+04    0.1035159000D-03    0.1266406200D+04   -0.5894860714D+03
    0.3862500000D-01    0.2785000019D+04    0.4496396179D-04    0.5506915136D+03   -0.2563262315D+03
    0.3868750000D-01    0.2785000008D+04    0.1949788229D-04    0.2388056090D+03   -0.1111664263D+03
    0.3875000000D-01    0.2785000004D+04    0.8246509483D-05    0.1009659443D+03   -0.4701793670D+02
    0.3881250000D-01    0.2785000001D+04    0.3333977621D-05    0.4087616191D+02   -0.1902800423D+02
    0.3887500000D-01    0.2785000001D+04    0.1267555421D-05    0.1563247739D+02   -0.7253767648D+01
    0.3893750000D-01    0.2785000000D+04    0.4640454815D-06    0.5731616428D+01   -0.2685318053D+01
    0.3900000000D-01    0.2785000000D+04    0.1987838916D-06    0.2475198683D+01   -0.1165761858D+01
    0.3906250000D-01    0.2785000000D+04    0.1287466492D-06    0.1527261466D+01   -0.7342273438D+00
    0.3912500000D-01    0.2785000000D+04    0.9167800026D-07    0.1114743148D+01   -0.5201971225D+00
    0.3918750000D-01    0.2785000000D+04    0.5462109597D-07    0.6846350020D+00   -0.3193790950D+00
    0.3925000000D-01    0.2785000000D+04    0.2202328028D-07    0.2720991290D+00   -0.1264416937D+00
    0.3931250000D-01    0.2785000000D+04    0.3498424341D-08    0.2633307700D-01   -0.3243242954D-01
    0.3937500000D-01    0.2785000000D+04   -0.3447954884D-08   -0.4389457236D-01    0.1213381797D-01
    0.3943750000D-01    0.2785000000D+04   -0.3472029682D-08   -0.4389457236D-01    0.1591262904D-01
    0.3950000000D-01    0.2785000000D+04   -0.3998088193D-08   -0.5267193136D-01    0.4915330847D-02
    0.3956250000D-01    0.2785000000D+04   -0.3780517798D-08   -0.3510843600D-01    0.2153854381D-01
    0.3962500000D-01    0.2785000000D+04   -0.3643944321D-08   -0.4389457236D-01    0.2501394097D-01
    0.3968750000D-01    0.2785000000D+04   -0.3510841922D-08   -0.6144929036D-01    0.7179197398D-02
    0.3975000000D-01    0.2785000000D+04   -0.3457189843D-08   -0.4389457236D-01    0.6931641773D-02
    0.3981250000D-01    0.2785000000D+04   -0.3346347857D-08   -0.4389457236D-01    0.1425244529D-01
    0.3987500000D-01    0.2785000000D+04   -0.3197442504D-08   -0.3510843600D-01    0.1968545189D-01
    0.3993750000D-01    0.2785000000D+04   -0.3448915172D-08   -0.3510843600D-01    0.1415057799D-01
    0.4000000000D-01    0.2785000000D+04   -0.3858587148D-08   -0.4389457236D-01    0.2290021914D-01
    0.4006250000D-01    0.2785000000D+04   -0.3456555958D-08   -0.4389457236D-01    0.1393303795D-01
    0.4012500000D-01    0.2785000000D+04   -0.3694110584D-08   -0.5267193136D-01    0.5967030155D-02
    0.4018750000D-01    0.2785000000D+04   -0.3210674448D-08   -0.3510843600D-01    0.1623682288D-01
    0.4025000000D-01    0.2785000000D+04   -0.2546343107D-08   -0.3510843600D-01    0.6818121467D-02
    0.4031250000D-01    0.2785000000D+04   -0.1833244731D-08   -0.2633107700D-01    0.3044370045D-02
    0.4037500000D-01    0.2785000000D+04   -0.6390271766D-09    0.1000000000D-05    0.2148783527D-02
    0.4043750000D-01    0.2785000000D+04    0.1384561856D-09    0.8778359000D-02    0.6037552945D-02
    0.4050000000D-01    0.2785000000D+04    0.5337100176D-10   -0.8776359000D-02   -0.1165215826D-01
    0.4056250000D-01    0.2785000000D+04   -0.4496031069D-09    0.9999999999D-06   -0.4857548569D-02
    0.4062500000D-01    0.2785000000D+04   -0.2468573486D-09    0.1000000001D-05   -0.2765039881D-04
    0.4068750000D-01    0.2785000000D+04   -0.2506489170D-09    0.1000000001D-05   -0.4679433319D-02
    0.4075000000D-01    0.2785000000D+04   -0.4570872669D-09    0.9999999999D-06    0.1649577713D-03
    0.4081250000D-01    0.2785000000D+04    0.3874842708D-10    0.8778359000D-02    0.6848734024D-02
    0.4087500000D-01    0.2785000000D+04    0.3824544688D-10   -0.8776359000D-02   -0.1147549404D-01
    0.4093750000D-01    0.2785000000D+04   -0.4606827291D-09    0.9999999999D-06   -0.4801184134D-02
    0.4100000000D-01    0.2785000000D+04   -0.2548970194D-09    0.1000000001D-05   -0.5370627667D-05
    0.4106250000D-01    0.2785000000D+04   -0.2528616074D-09    0.1000000001D-05   -0.4735387310D-02
    0.4112500000D-01    0.2785000000D+04   -0.4567346214D-09    0.9999999999D-06    0.2638606538D-04
    0.4118750000D-01    0.2785000000D+04    0.4510780794D-10    0.8778359000D-02    0.6633870464D-02
    0.4125000000D-01    0.2785000000D+04    0.4893313627D-10   -0.8776359000D-02   -0.1177249067D-01
    0.4131250000D-01    0.2785000000D+04   -0.4478018462D-09    0.1000000000D-05   -0.5180242989D-02
    0.4137500000D-01    0.2785000000D+04   -0.2369580905D-09    0.1000000001D-05   -0.4717464066D-03
    0.4143750000D-01    0.2785000000D+04   -0.2337856806D-09    0.1000000001D-05   -0.5264573389D-02
    0.4150000000D-01    0.2785000000D+04   -0.4384701080D-09    0.1000000000D-05   -0.5583251676D-03
    0.4156250000D-01    0.2785000000D+04    0.6199294031D-10    0.8778359000D-02    0.6017755103D-02
    0.4162500000D-01    0.2785000000D+04    0.6244948913D-10   -0.8776359000D-02   -0.1239144204D-01
    0.4168750000D-01    0.2785000000D+04   -0.4382302623D-09    0.1000000000D-05   -0.5782407808D-02
    0.4175000000D-01    0.2785000000D+04   -0.2332191488D-09    0.1000000001D-05   -0.1024901604D-02
    0.4181250000D-01    0.2785000000D+04   -0.2358335561D-09    0.1000000001D-05   -0.5742761960D-02
    0.4187500000D-01    0.2785000000D+04   -0.4412590487D-09    0.1000000000D-05   -0.9202354180D-03
    0.4193750000D-01    0.2785000000D+04    0.5492231045D-10    0.8778359000D-02    0.5777549383D-02
    0.4200000000D-01    0.2785000000D+04    0.5534557088D-10   -0.8776359000D-02   -0.1250348996D-01
    0.4206250000D-01    0.2785000000D+04   -0.4408022316D-09    0.1000000000D-05   -0.5762171397D-02
    0.4212500000D-01    0.2785000000D+04   -0.2355879971D-09    0.1000000001D-05   -0.8646617006D-03
    0.4218750000D-01    0.2785000000D+04   -0.2328300725D-09    0.1000000001D-05   -0.5479270558D-02
    0.4225000000D-01    0.2785000000D+04   -0.4317536443D-09    0.1000000000D-05   -0.5701993954D-03
    0.4231250000D-01    0.2785000000D+04    0.6724038546D-10    0.8778359000D-02    0.6175528989D-02
    0.4237500000D-01    0.2785000000D+04    0.7069948663D-10   -0.8776359000D-02   -0.1207741433D-01
    0.4243750000D-01    0.2785000000D+04   -0.4237910409D-09    0.1000000000D-05   -0.5340987640D-02
    0.4250000000D-01    0.2785000000D+04   -0.2184748450D-09    0.1000000001D-05   -0.4744430874D-03
    0.4256250000D-01    0.2785000000D+04   -0.2165589964D-09    0.1000000001D-05   -0.5130022285D-02
    0.4262500000D-01    0.2785000000D+04   -0.4192455683D-09    0.1000000000D-05   -0.2851949787D-03
    0.4268750000D-01    0.2785000000D+04    0.7846209672D-10    0.8778359000D-02    0.6405299746D-02
    0.4275000000D-01    0.2785000000D+04    0.7946986060D-10   -0.8776359000D-02   -0.1190080443D-01
    0.4281250000D-01    0.2785000000D+04   -0.4182198503D-09    0.1000000000D-05   -0.5208369703D-02
    0.4287500000D-01    0.2785000000D+04   -0.2133055589D-09    0.1000000001D-05   -0.3805483193D-03
    0.4293750000D-01    0.2785000000D+04   -0.2127809071D-09    0.1000000001D-05   -0.5063803055D-02
    0.4300000000D-01    0.2785000000D+04   -0.4166257122D-09    0.1000000000D-05   -0.2377512251D-03
    0.4306250000D-01    0.2785000000D+04    0.8099446794D-10    0.8778359000D-02    0.6438874338D-02
    0.4312500000D-01    0.2785000000D+04    0.8167555206D-10   -0.8776359000D-02   -0.1188104943D-01
    0.4318750000D-01    0.2785000000D+04   -0.4164682813D-09    0.1000000000D-05   -0.5198527434D-02
    0.4325000000D-01    0.2785000000D+04   -0.2115112179D-09    0.1000000001D-05   -0.3806971231D-03
    0.4331250000D-01    0.2785000000D+04   -0.2113741397D-09    0.1000000001D-05   -0.5069292007D-02
    0.4337500000D-01    0.2785000000D+04   -0.4155132781D-09    0.1000000000D-05   -0.2451265842D-03
    0.4343750000D-01    0.2785000000D+04    0.8154981567D-10    0.8778359000D-02    0.6433911862D-02
    0.4350000000D-01    0.2785000000D+04    0.8153897839D-10   -0.8776359000D-02   -0.1187833360D-01
    0.4356250000D-01    0.2785000000D+04   -0.4172392792D-09    0.1000000000D-05   -0.5185724794D-02
    0.4362500000D-01    0.2785000000D+04   -0.2137995288D-09    0.1000000001D-05   -0.3523742608D-03
    0.4368750000D-01    0.2785000000D+04   -0.2151616083D-09    0.1000000001D-05   -0.5024828514D-02
    0.4375000000D-01    0.2785000000D+04   -0.4204781605D-09    0.1000000000D-05   -0.1816704669D-03
    0.4381250000D-01    0.2785000000D+04    0.7440632071D-10    0.8778359000D-02    0.6513363975D-02
    0.4387500000D-01    0.2785000000D+04    0.7257323215D-10   -0.8776359000D-02   -0.1178266795D-01
    0.4393750000D-01    0.2785000000D+04   -0.4277114521D-09    0.1000000000D-05   -0.5075973698D-02
    0.4400000000D-01    0.2785000000D+04   -0.2263135287D-09    0.1000000001D-05   -0.2288172962D-03
    0.4406250000D-01    0.2785000000D+04   -0.2290853278D-09    0.1000000001D-05   -0.4890124137D-02
    0.4412500000D-01    0.2785000000D+04   -0.4353614937D-09    0.9999999999D-06   -0.3627699182D-04
    0.4418750000D-01    0.2785000000D+04    0.5847150056D-10    0.8778359000D-02    0.6668018065D-02
    0.4425000000D-01    0.2785000000D+04    0.5601710274D-10   -0.8776359000D-02   -0.1162081539D-01
    0.4431250000D-01    0.2785000000D+04   -0.4445294263D-09    0.9999999999D-06   -0.4907722720D-02
    0.4437500000D-01    0.2785000000D+04   -0.2434075653D-09    0.1000000001D-05   -0.5566765672D-04
    0.4443750000D-01    0.2785000000D+04   -0.2459888591D-09    0.1000000001D-05   -0.4717033014D-02
    0.4450000000D-01    0.2785000000D+04   -0.4521508502D-09    0.9999999999D-06    0.1334405822D-03
    0.4456250000D-01    0.2785000000D+04    0.4238741763D-10    0.8778359000D-02    0.6831583808D-02
    0.4462500000D-01    0.2785000000D+04    0.4075945023D-10   -0.8776359000D-02   -0.1146770115D-01
    0.4468750000D-01    0.2785000000D+04   -0.4589857985D-09    0.9999999999D-06   -0.4765943553D-02
    0.4475000000D-01    0.2785000000D+04   -0.2560969047D-09    0.1000000001D-05    0.7093154121D-04
    0.4481250000D-01    0.2785000000D+04   -0.2570273185D-09    0.1000000001D-05   -0.4604919585D-02
    0.4487500000D-01    0.2785000000D+04   -0.4618230472D-09    0.9999999999D-06    0.2297547704D-03
    0.4493750000D-01    0.2785000000D+04    0.3476213856D-10    0.8778359000D-02    0.6914592026D-02
    0.4500000000D-01    0.2785000000D+04    0.3474788201D-10   -0.8776359000D-02   -0.1139782937D-01
    0.4506250000D-01    0.2785000000D+04   -0.4637944572D-09    0.9999999999D-06   -0.4708172258D-02
    0.4512500000D-01    0.2785000000D+04   -0.2594438460D-09    0.1000000001D-05    0.1164201261D-03
    0.4518750000D-01    0.2785000000D+04   -0.2595407641D-09    0.1000000001D-05   -0.4569797289D-02
    0.4525000000D-01    0.2785000000D+04   -0.4639693271D-09    0.9999999999D-06    0.2542288518D-03
    0.4531250000D-01    0.2785000000D+04    0.3315482104D-10    0.8778359000D-02    0.6930064528D-02
    0.4537500000D-01    0.2785000000D+04    0.3337740642D-10   -0.8776359000D-02   -0.1138989065D-01
    0.4543750000D-01    0.2785000000D+04   -0.4651548822D-09    0.9999999999D-06   -0.4706397549D-02
    0.4550000000D-01    0.2785000000D+04   -0.2605309108D-09    0.1000000001D-05    0.1131921731D-03
    0.4556250000D-01    0.2785000000D+04   -0.2605451767D-09    0.1000000001D-05   -0.4575536158D-02
    0.4562500000D-01    0.2785000000D+04   -0.4647730859D-09    0.9999999999D-06    0.2477584383D-03
    0.4568750000D-01    0.2785000000D+04    0.3259038111D-10    0.8778359000D-02    0.6924162489D-02
    0.4575000000D-01    0.2785000000D+04    0.3304145756D-10   -0.8776359000D-02   -0.1139406048D-01
    0.4581250000D-01    0.2785000000D+04   -0.4652187392D-09    0.9999999999D-06   -0.4708174516D-02
    0.4587500000D-01    0.2785000000D+04   -0.2605834934D-09    0.1000000001D-05    0.1152449010D-03
    0.4593750000D-01    0.2785000000D+04   -0.2606424676D-09    0.1000000001D-05   -0.4569546982D-02
    0.4600000000D-01    0.2785000000D+04   -0.4649010405D-09    0.9999999999D-06    0.2584934887D-03
    0.4606250000D-01    0.2785000000D+04    0.3213276886D-10    0.8778359000D-02    0.6938782444D-02
    0.4612500000D-01    0.2785000000D+04    0.3240620114D-10   -0.8776359000D-02   -0.1137756567D-01
    0.4618750000D-01    0.2785000000D+04   -0.4661270091D-09    0.9999999999D-06   -0.4689521623D-02
    0.4625000000D-01    0.2785000000D+04   -0.2615567418D-09    0.1000000001D-05    0.1300785123D-03
    0.4631250000D-01    0.2785000000D+04   -0.2619148683D-09    0.1000000001D-05   -0.4551075759D-02
    0.4637500000D-01    0.2785000000D+04   -0.4648404575D-09    0.9999999999D-06    0.2695282896D-03
    0.4643750000D-01    0.2785000000D+04    0.3267137705D-10    0.8778359000D-02    0.6974609566D-02
    0.4650000000D-01    0.2785000000D+04    0.3800293198D-10   -0.8776359000D-02   -0.1142451990D-01
    0.4656250000D-01    0.2785000000D+04   -0.4691958221D-09    0.9999999999D-06   -0.4646285202D-02
    0.4662500000D-01    0.2785000000D+04   -0.2543233966D-09    0.1000000001D-05   -0.4354710484D-04
    0.4668750000D-01    0.2785000000D+04   -0.2809055102D-09    0.1000000001D-05   -0.5267781236D-02
    0.4675000000D-01    0.2785000000D+04   -0.4975186008D-09    0.9999999998D-06    0.7717392458D-03
    0.4681250000D-01    0.2785000000D+04   -0.3765869992D-10    0.8778359000D-02    0.3882949272D-02
    0.4687500000D-01    0.2785000000D+04   -0.5094373568D-09   -0.8776359000D-02   -0.1406845538D-01
    0.4693750000D-01    0.2785000000D+04   -0.4513373534D-09    0.8778359000D-02    0.9507309008D-02
    0.4700000000D-01    0.2785000000D+04   -0.1392492783D-09   -0.8776359000D-02   -0.8923016771D-02
    0.4706250000D-01    0.2785000000D+04   -0.3963365568D-09    0.1000000000D-05   -0.4732280427D-02
    0.4712500000D-01    0.2785000000D+04   -0.3554811865D-09    0.8778359000D-02    0.8708731014D-02
    0.4718750000D-01    0.2785000000D+04   -0.1922039633D-09    0.8778359000D-02    0.6044066415D-02
    0.4725000000D-01    0.2785000000D+04   -0.3656016490D-09   -0.1755371800D-01   -0.2582510292D-01
    0.4731250000D-01    0.2785000000D+04   -0.1018207817D-08    0.8778359000D-02    0.4023270176D-02
    0.4737500000D-01    0.2785000000D+04   -0.1237713955D-09   -0.8776359000D-02   -0.6231755282D-02
    0.4743750000D-01    0.2785000000D+04   -0.5497963431D-09    0.9999999999D-06   -0.5123565934D-02
    0.4750000000D-01    0.2785000000D+04   -0.2823463100D-09    0.8778359000D-02    0.9330896124D-02
    0.4756250000D-01    0.2785000000D+04   -0.2736702589D-09    0.8778359000D-02    0.5652786041D-02
    0.4762500000D-01    0.2785000000D+04   -0.3432135196D-09   -0.1755371800D-01   -0.2504244177D-01
    0.4768750000D-01    0.2785000000D+04   -0.9928777381D-09    0.8778359000D-02    0.3810656948D-02
    0.4775000000D-01    0.2785000000D+04   -0.1071808506D-09   -0.8776359000D-02   -0.6455789229D-02
    0.4781250000D-01    0.2785000000D+04   -0.5211947075D-09    0.1000000001D-05   -0.5449433653D-02
    0.4787500000D-01    0.2785000000D+04   -0.2546094198D-09    0.8778359000D-02    0.8676921889D-02
    0.4793750000D-01    0.2785000000D+04   -0.1451446887D-09    0.8778359000D-02    0.8519967535D-02
    0.4800000000D-01    0.2785000000D+04    0.3203183199D-09   -0.1755371800D-01   -0.2123680963D-01
    0.4806250000D-01    0.2785000000D+04   -0.6282914963D-09    0.1000000001D-05   -0.3908584210D-02
    0.4812500000D-01    0.2785000000D+04    0.2560090525D-09    0.8778359000D-02    0.8624021192D-02
    0.4818750000D-01    0.2785000000D+04    0.4198427228D-10   -0.8776359000D-02   -0.1335382725D-01
    0.4825000000D-01    0.2785000000D+04   -0.3788844863D-09    0.1000000000D-05   -0.4969403434D-02
    0.4831250000D-01    0.2785000000D+04   -0.2725845443D-09    0.8778359000D-02    0.8307332587D-02
    0.4837500000D-01    0.2785000000D+04   -0.1545874583D-09    0.8778359000D-02    0.5303874661D-02
    0.4843750000D-01    0.2785000000D+04   -0.3034209621D-09   -0.1755371800D-01   -0.2620544806D-01
    0.4850000000D-01    0.2785000000D+04   -0.9578345827D-09    0.8778359000D-02    0.3412578966D-02
    0.4856250000D-01    0.2785000000D+04   -0.6748957056D-10   -0.8776359000D-02   -0.6832626747D-02
    0.4862500000D-01    0.2785000000D+04   -0.4948659459D-09    0.1000000000D-05   -0.5695244482D-02
    0.4868750000D-01    0.2785000000D+04   -0.2306906487D-09    0.8778359000D-02    0.8783630849D-02
    0.4875000000D-01    0.2785000000D+04   -0.2249537538D-09    0.8778359000D-02    0.5147457610D-02
    0.4881250000D-01    0.2785000000D+04   -0.2994097602D-09   -0.1755371800D-01   -0.2551054735D-01
    0.4887500000D-01    0.2785000000D+04   -0.9551932876D-09    0.8778359000D-02    0.3462821518D-02
    0.4893750000D-01    0.2785000000D+04   -0.7356907395D-10   -0.8776359000D-02   -0.6776674468D-02
    0.4900000000D-01    0.2785000000D+04   -0.5004499162D-09    0.9999999999D-06   -0.5585159265D-02
    0.4906250000D-01    0.2785000000D+04   -0.2411720138D-09    0.8778359000D-02    0.8898067799D-02
    0.4912500000D-01    0.2785000000D+04   -0.2365218308D-09    0.8778359000D-02    0.5294054852D-02
    0.4918750000D-01    0.2785000000D+04   -0.3157197265D-09   -0.1755371800D-01   -0.2536358737D-01
    0.4925000000D-01    0.2785000000D+04   -0.9755463826D-09    0.8778359000D-02    0.3635113216D-02
    0.4931250000D-01    0.2785000000D+04   -0.9587933365D-10   -0.8776359000D-02   -0.6581254049D-02
    0.4937500000D-01    0.2785000000D+04   -0.5253839228D-09    0.1000000000D-05   -0.5389120335D-02
    0.4943750000D-01    0.2785000000D+04   -0.2665722316D-09    0.8778359000D-02    0.9089697599D-02
    0.4950000000D-01    0.2785000000D+04   -0.2621568132D-09    0.8778359000D-02    0.5460089011D-02
    0.4956250000D-01    0.2785000000D+04   -0.3413935190D-09   -0.1755371800D-01   -0.2519747770D-01
    0.4962500000D-01    0.2785000000D+04   -0.1006755211D-08    0.8778359000D-02    0.3214696931D-02
    0.4968750000D-01    0.2785000000D+04   -0.1270963352D-09   -0.8776359000D-02   -0.6416158787D-02
    0.4975000000D-01    0.2785000000D+04   -0.6020564194D-09    0.9999999997D-06   -0.7134431041D-02
    0.4981250000D-01    0.2785000000D+04   -0.5709721551D-09    0.8778359000D-02    0.1078891547D-01
    0.4987500000D-01    0.2785000000D+04   -0.1315605321D-09    0.8778359000D-02    0.2639062746D-02
    0.4993750000D-01    0.2785000000D+04   -0.7607317488D-09   -0.1755371800D-01   -0.1711778327D-01
    0.5000000000D-01    0.2785000000D+04    0.0000000000D+00    0.8778359000D-02    0.9830940885D-03
