0.000683911 0.2786617644991987E+04 -0.8013051501031885E+01 0.6651864287754744E-01 1.82819e+08
0.000746405 0.2783909740066582E+04 -0.4780285498259826E+01 0.2533390826198631E-01 1.99714e+08
0.000808932 0.2783676334497764E+04 -0.4780424618462829E+01 0.2514740933962898E-01 1.9953e+08
0.000871464 0.2783487840126568E+04 -0.4780422643274760E+01 0.2497242593327261E-01 1.99358e+08
0.000933998 0.2783484093444022E+04 -0.4780432849793546E+01 0.2481417170215166E-01 1.99203e+08
0.000996532 0.2783486472459230E+04 -0.4780440050935425E+01 0.2467505641281391E-01 1.99067e+08
0.00105907 0.2783442317114796E+04 -0.4780448765028881E+01 0.2455705514902685E-01 1.98952e+08
0.0011216 0.2783410454529207E+04 -0.4780455424938109E+01 0.2445959449621134E-01 1.98857e+08
0.00118414 0.2783385625708635E+04 -0.4780461827974969E+01 0.2437898367751461E-01 1.98779e+08
0.00124667 0.2783377845140797E+04 -0.4780467851968146E+01 0.2430987954667288E-01 1.98713e+08
0.00130921 0.2783372661051666E+04 -0.4780474530146531E+01 0.2424876757650359E-01 1.98655e+08
0.00137175 0.2783374702077299E+04 -0.4780482096213740E+01 0.2419366646432997E-01 1.98603e+08
0.00143428 0.2783376397025712E+04 -0.4780490811293456E+01 0.2414263559548220E-01 1.98554e+08
0.00149682 0.2783382999375724E+04 -0.4780500690814019E+01 0.2409660679223819E-01 1.98511e+08
0.00155936 0.2783386646699399E+04 -0.4780511537526751E+01 0.2405654524592452E-01 1.98474e+08
0.00162189 0.2783393851787572E+04 -0.4780523293050671E+01 0.2402310659823065E-01 1.98444e+08
0.00168443 0.2783397947357864E+04 -0.4780535835111767E+01 0.2399501917788545E-01 1.98419e+08
0.00174696 0.2783404483579954E+04 -0.4780549342383688E+01 0.2397206118951390E-01 1.98399e+08
0.0018095 0.2783407967653069E+04 -0.4780563960401697E+01 0.2395309401327711E-01 1.98382e+08
0.00187204 0.2783413619973886E+04 -0.4780579998043004E+01 0.2393723842682750E-01 1.98369e+08
0.00193457 0.2783416160706961E+04 -0.4780597570130864E+01 0.2392445677251432E-01 1.98359e+08
0.00199711 0.2783421212111281E+04 -0.4780616750584352E+01 0.2391404990580924E-01 1.98352e+08
0.00205964 0.2783422902739873E+04 -0.4780637327791135E+01 0.2390488754362015E-01 1.98345e+08
0.00212218 0.2783427007032986E+04 -0.4780659036659880E+01 0.2389796455881303E-01 1.98341e+08
0.00218471 0.2783428562858511E+04 -0.4780681471178387E+01 0.2389364162866155E-01 1.9834e+08
0.00224725 0.2783431659135543E+04 -0.4780704334289577E+01 0.2389127655057569E-01 1.9834e+08
0.00230978 0.2783432465118015E+04 -0.4780727422497289E+01 0.2388746295139242E-01 1.98339e+08
0.00237232 0.2783434982138776E+04 -0.4780750774361874E+01 0.2388036877100685E-01 1.98335e+08
0.00243485 0.2783434544559618E+04 -0.4780774602990103E+01 0.2387180138170793E-01 1.98329e+08
0.00249739 0.2783436522637007E+04 -0.4780799312184250E+01 0.2386467267894464E-01 1.98325e+08
0.00255992 0.2783435777980283E+04 -0.4780825363232163E+01 0.2385892399970104E-01 1.98322e+08
0.00262246 0.2783436866302442E+04 -0.4780853212497480E+01 0.2385390756862919E-01 1.9832e+08
0.00268499 0.2783435440012050E+04 -0.4780883199493976E+01 0.2384895519443288E-01 1.98318e+08
0.00274753 0.2783436293905831E+04 -0.4780915487623527E+01 0.2384446261207741E-01 1.98316e+08
0.00281006 0.2783433990488903E+04 -0.4780950047421317E+01 0.2384072050169081E-01 1.98316e+08
0.0028726 0.2783434098465962E+04 -0.4780986645603193E+01 0.2383775332367568E-01 1.98316e+08
0.00293513 0.2783431631882970E+04 -0.4781024929558463E+01 0.2383554559227393E-01 1.98316e+08
0.00299767 0.2783430825161955E+04 -0.4781064445656598E+01 0.2383391207041410E-01 1.98318e+08
0.00306021 0.2783427690756725E+04 -0.4781104769357684E+01 0.2383205582066316E-01 1.98319e+08
0.00312274 0.2783426478522121E+04 -0.4781145493965330E+01 0.2383074619060674E-01 1.9832e+08
0.00318528 0.2783422446901863E+04 -0.4781186357957230E+01 0.2383007923063930E-01 1.98323e+08
0.00324781 0.2783420611697290E+04 -0.4781227151534894E+01 0.2382993452930036E-01 1.98325e+08
0.00331035 0.2783415863366602E+04 -0.4781267842535721E+01 0.2383036725334236E-01 1.98329e+08
0.00337288 0.2783413265693010E+04 -0.4781308416045319E+01 0.2383086052081849E-01 1.98332e+08
0.00343542 0.2783407754603958E+04 -0.4781349033220297E+01 0.2383120143339484E-01 1.98335e+08
0.00349795 0.2783404218078917E+04 -0.4781389844437784E+01 0.2383202086371768E-01 1.98339e+08
0.00356049 0.2783397777583816E+04 -0.4781431198803993E+01 0.2383335459653206E-01 1.98343e+08
0.00362303 0.2783393652838254E+04 -0.4781473409078195E+01 0.2383503723069305E-01 1.98348e+08
0.00368556 0.2783385926401653E+04 -0.4781516992913167E+01 0.2383728720859445E-01 1.98353e+08
0.0037481 0.2783380450494735E+04 -0.4781562316146214E+01 0.2383939710072280E-01 1.98358e+08
0.00381063 0.2783371912680364E+04 -0.4781609841413872E+01 0.2384133912349409E-01 1.98363e+08
0.00387317 0.2783365146335315E+04 -0.4781659690173713E+01 0.2384366102657108E-01 1.98368e+08
0.00393571 0.2783354843439872E+04 -0.4781711950927224E+01 0.2384648523666974E-01 1.98374e+08
0.00399825 0.2783346670909766E+04 -0.4781766240080303E+01 0.2384965495191135E-01 1.9838e+08
0.00406078 0.2783334765611493E+04 -0.4781822231389328E+01 0.2385333685672452E-01 1.98387e+08
0.00412332 0.2783324788877097E+04 -0.4781879228592952E+01 0.2385669100201190E-01 1.98393e+08
0.00418586 0.2783310459311900E+04 -0.4781936913002947E+01 0.2385977275696264E-01 1.98399e+08
0.0042484 0.2783298110629233E+04 -0.4781994789504220E+01 0.2386328108562680E-01 1.98406e+08
0.00431093 0.2783281614571709E+04 -0.4782053013357085E+01 0.2386734112148070E-01 1.98413e+08
0.00437347 0.2783266674628289E+04 -0.4782111545594340E+01 0.2387168983179837E-01 1.9842e+08
0.00443601 0.2783246301093872E+04 -0.4782170999295716E+01 0.2387646979601733E-01 1.98428e+08
0.00449855 0.2783227324747632E+04 -0.4782231421508869E+01 0.2388095662222257E-01 1.98435e+08
0.00456109 0.2783202684149878E+04 -0.4782293406169299E+01 0.2388517673235945E-01 1.98443e+08
0.00462363 0.2783179110885552E+04 -0.4782356623145340E+01 0.2388984316492784E-01 1.9845e+08
0.00468617 0.2783148501534286E+04 -0.4782421401072804E+01 0.2389488792990604E-01 1.98458e+08
0.00474872 0.2783117477890863E+04 -0.4782487059399720E+01 0.2389997946356306E-01 1.98467e+08
0.00481126 0.2783077932843765E+04 -0.4782553795665337E+01 0.2390535558507357E-01 1.98475e+08
0.0048738 0.2783036380551811E+04 -0.4782621174007723E+01 0.2391055731661566E-01 1.98483e+08
0.00493635 0.2782983807506259E+04 -0.4782688599317886E+01 0.2391543241424903E-01 1.98491e+08
0.00499889 0.2782925970304183E+04 -0.4782758289031641E+01 0.2392069934752034E-01 1.985e+08
0.00506144 0.2782852645178180E+04 -0.4782821854714396E+01 0.2392640483965379E-01 1.98508e+08
0.00512399 0.2782768060699517E+04 -0.4782902066624693E+01 0.2393185658327567E-01 1.98517e+08
0.00518654 0.2782658895371259E+04 -0.4782933144431607E+01 0.2393847803111030E-01 1.98526e+08
0.00524909 0.2782526014264774E+04 -0.4783091191524344E+01 0.2394268096182499E-01 1.98535e+08
0.00531165 0.2782345595297488E+04 -0.4782892225378518E+01 0.2395260707176242E-01 1.98543e+08
0.00537421 0.2782107124573201E+04 -0.4783619748039107E+01 0.2394550793282954E-01 1.98552e+08
0.00543678 0.2781744881779839E+04 -0.4781704771340383E+01 0.2398356344291598E-01 1.98561e+08
0.00549936 0.2781153585711159E+04 -0.4786237695028247E+01 0.2389015101994820E-01 1.98569e+08
0.00556197 0.2779683714214182E+04 -0.4770167023918080E+01 0.2411762121535205E-01 1.98581e+08
0.00562467 0.2772522783913034E+04 -0.4799224566547610E+01 0.2402418376220611E-01 1.98583e+08
0.00568745 0.2772518638298751E+04 -0.4767794044221978E+01 0.2403241878233000E-01 1.98595e+08
0.00575015 0.2779687466676389E+04 -0.4796928682656957E+01 0.2413454043467809E-01 1.98609e+08
0.00581275 0.2781155115047915E+04 -0.4780869353992340E+01 0.2392246572072280E-01 1.98619e+08
0.00587533 0.2781750462420729E+04 -0.4785491316283836E+01 0.2402746504649926E-01 1.9863e+08
0.0059379 0.2782111089877618E+04 -0.4783650766702607E+01 0.2400172951195801E-01 1.9864e+08
0.00600046 0.2782352502683603E+04 -0.4784466535013953E+01 0.2402083504929791E-01 1.98651e+08
0.00606302 0.2782533101788968E+04 -0.4784344531014589E+01 0.2402137013992395E-01 1.9866e+08
0.00612557 0.2782667277941535E+04 -0.4784570833298124E+01 0.2402855529983867E-01 1.98669e+08
0.00618812 0.2782777758026453E+04 -0.4784655384847495E+01 0.2403382143694324E-01 1.98679e+08
0.00625067 0.2782863220022833E+04 -0.4784774920718293E+01 0.2404036030602253E-01 1.98689e+08
0.00631322 0.2782937967012695E+04 -0.4784864784579893E+01 0.2404690720275009E-01 1.98699e+08
0.00637577 0.2782996816625862E+04 -0.4784950477180464E+01 0.2405399268384566E-01 1.98709e+08
0.00643831 0.2783050636203384E+04 -0.4785027144524669E+01 0.2405989589809681E-01 1.98717e+08
0.00650085 0.2783093336629958E+04 -0.4785100639758909E+01 0.2406608198068474E-01 1.98726e+08
0.0065634 0.2783134074439722E+04 -0.4785173924612084E+01 0.2407263953025781E-01 1.98736e+08
0.00662594 0.2783166395982689E+04 -0.4785249566387360E+01 0.2407939516232090E-01 1.98745e+08
0.00668848 0.2783198145913738E+04 -0.4785330059599930E+01 0.2408621781390945E-01 1.98755e+08
0.00675102 0.2783223104741846E+04 -0.4785416131038399E+01 0.2409304674266639E-01 1.98765e+08
0.00681356 0.2783248817350586E+04 -0.4785508549702817E+01 0.2409873856789162E-01 1.98774e+08
0.0068761 0.2783269205934202E+04 -0.4785606549112853E+01 0.2410469870844130E-01 1.98783e+08
0.00693864 0.2783290731200654E+04 -0.4785709533130107E+01 0.2411097093850603E-01 1.98793e+08
0.00700117 0.2783307134809769E+04 -0.4785815919438793E+01 0.2411727918272621E-01 1.98802e+08
0.00706371 0.2783324837909925E+04 -0.4785924552183879E+01 0.2412368625697157E-01 1.98812e+08
0.00712625 0.2783338641421657E+04 -0.4786033840412705E+01 0.2412982111111842E-01 1.98822e+08
0.00718879 0.2783354203631912E+04 -0.4786142885288340E+01 0.2413530121782023E-01 1.98831e+08
0.00725132 0.2783365655759684E+04 -0.4786250813869990E+01 0.2414112778114535E-01 1.9884e+08
0.00731386 0.2783378932889488E+04 -0.4786357669101526E+01 0.2414729906464766E-01 1.98849e+08
0.0073764 0.2783388641442663E+04 -0.4786463714346794E+01 0.2415346884116859E-01 1.98859e+08
0.00743893 0.2783400385649029E+04 -0.4786569973477045E+01 0.2415989112531099E-01 1.98869e+08
0.00750147 0.2783408721028351E+04 -0.4786677426035680E+01 0.2416553304636812E-01 1.98877e+08
0.007564 0.2783418718744375E+04 -0.4786787253283225E+01 0.2417102806692260E-01 1.98886e+08
0.00762654 0.2783425880744627E+04 -0.4786900105873829E+01 0.2417679908450663E-01 1.98895e+08
0.00768907 0.2783435161806286E+04 -0.4787016369514780E+01 0.2418268785800986E-01 1.98905e+08
0.00775161 0.2783441106681349E+04 -0.4787135751318217E+01 0.2418857115331371E-01 1.98914e+08
0.00781414 0.2783449155776903E+04 -0.4787257781693381E+01 0.2419437897793343E-01 1.98923e+08
0.00787668 0.2783454587412662E+04 -0.4787381641261028E+01 0.2419928203438034E-01 1.98931e+08
0.00793921 0.2783461775222094E+04 -0.4787506650797893E+01 0.2420445820639143E-01 1.9894e+08
0.00800175 0.2783466392862563E+04 -0.4787632085835373E+01 0.2420989255414642E-01 1.98949e+08
0.00806428 0.2783473037619638E+04 -0.4787757470435642E+01 0.2421526957190100E-01 1.98958e+08
0.00812682 0.2783476968034781E+04 -0.4787882325364308E+01 0.2422086455860123E-01 1.98967e+08
0.00818935 0.2783483068499299E+04 -0.4788006440015457E+01 0.2422563960456077E-01 1.98975e+08
0.00825189 0.2783486459756724E+04 -0.4788129722704539E+01 0.2423041829006452E-01 1.98983e+08
0.00831442 0.2783491845317789E+04 -0.4788252532924654E+01 0.2423543729056540E-01 1.98992e+08
0.00837695 0.2783495031539750E+04 -0.4788375558283681E+01 0.2424045835944233E-01 1.99001e+08
0.00843949 0.2783499936560899E+04 -0.4788499965175478E+01 0.2424554705774988E-01 1.99009e+08
0.00850202 0.2783502443136588E+04 -0.4788627070035743E+01 0.2425010314178098E-01 1.99017e+08
0.00856455 0.2783507268251822E+04 -0.4788758241103788E+01 0.2425423938481337E-01 1.99025e+08
0.00862709 0.2783509340984440E+04 -0.4788894473999913E+01 0.2425856359539560E-01 1.99033e+08
0.00868962 0.2783513484640967E+04 -0.4789036369039905E+01 0.2426297429534834E-01 1.99041e+08
0.00875215 0.2783515691127506E+04 -0.4789183948403511E+01 0.2426744147130883E-01 1.9905e+08
0.00881469 0.2783519459879581E+04 -0.4789336872412365E+01 0.2427155842674785E-01 1.99058e+08
0.00887722 0.2783520953376973E+04 -0.4789494482372014E+01 0.2427511758608084E-01 1.99065e+08
0.00893975 0.2783524819237579E+04 -0.4789656068821795E+01 0.2427884437926370E-01 1.99073e+08
0.00900229 0.2783526109070839E+04 -0.4789820879629890E+01 0.2428264552044227E-01 1.99081e+08
0.00906482 0.2783529411786518E+04 -0.4789988316639064E+01 0.2428647429008337E-01 1.99089e+08
0.00912735 0.2783530775864404E+04 -0.4790157911921763E+01 0.2428993391803624E-01 1.99096e+08
0.00918989 0.2783533814396269E+04 -0.4790329502798306E+01 0.2429293233960032E-01 1.99103e+08
0.00925242 0.2783534729808787E+04 -0.4790503214274873E+01 0.2429616774719654E-01 1.99111e+08
0.00931495 0.2783537868812965E+04 -0.4790679538257834E+01 0.2429950126081033E-01 1.99118e+08
0.00937748 0.2783538587069307E+04 -0.4790859152017709E+01 0.2430289076563595E-01 1.99126e+08
0.00944002 0.2783541322821584E+04 -0.4791042806645662E+01 0.2430567116646935E-01 1.99133e+08
0.00950255 0.2783542093430302E+04 -0.4791231032042785E+01 0.2430817330810851E-01 1.9914e+08
0.00956508 0.2783544617697968E+04 -0.4791424048940375E+01 0.2431085217686436E-01 1.99147e+08
0.00962762 0.2783545090346934E+04 -0.4791621667937300E+01 0.2431349895332365E-01 1.99154e+08
0.00969015 0.2783547701630039E+04 -0.4791823440135187E+01 0.2431624336237089E-01 1.99161e+08
0.00975268 0.2783547959182952E+04 -0.4792028763166964E+01 0.2431804509918318E-01 1.99168e+08
0.00981521 0.2783550261825080E+04 -0.4792237111140343E+01 0.2432000743865914E-01 1.99174e+08
0.00987775 0.2783550630898385E+04 -0.4792448114524045E+01 0.2432212966544926E-01 1.99181e+08
0.00994028 0.2783552775707142E+04 -0.4792661702065886E+01 0.2432423192212232E-01 1.99188e+08
0.0100028 0.2783552874657723E+04 -0.4792878115399581E+01 0.2432599476232713E-01 1.99195e+08
0.0100653 0.2783555080854938E+04 -0.4793097990489152E+01 0.2432732404663147E-01 1.99201e+08
0.0101279 0.2783555047832398E+04 -0.4793322289491321E+01 0.2432882190368227E-01 1.99208e+08
0.0101904 0.2783557018541816E+04 -0.4793552216531942E+01 0.2433028497788542E-01 1.99214e+08
0.0102529 0.2783557081960499E+04 -0.4793788932032029E+01 0.2433174025634157E-01 1.99221e+08
0.0103155 0.2783558924744941E+04 -0.4794033287783639E+01 0.2433237300168105E-01 1.99227e+08
0.010378 0.2783558717945634E+04 -0.4794285545433594E+01 0.2433317537145682E-01 1.99233e+08
0.0104405 0.2783560663853721E+04 -0.4794545345435133E+01 0.2433402754016467E-01 1.99239e+08
0.0105031 0.2783560416123234E+04 -0.4794811839227687E+01 0.2433488873581662E-01 1.99246e+08
0.0105656 0.2783562086073885E+04 -0.4795084068922264E+01 0.2433502676792436E-01 1.99252e+08
0.0106281 0.2783561889026790E+04 -0.4795361314198880E+01 0.2433518844397827E-01 1.99258e+08
0.0106907 0.2783563558952769E+04 -0.4795643372483722E+01 0.2433544509254561E-01 1.99264e+08
0.0107532 0.2783563117284531E+04 -0.4795930572888744E+01 0.2433568676859725E-01 1.9927e+08
0.0108157 0.2783564839181116E+04 -0.4796223659548534E+01 0.2433532297076586E-01 1.99276e+08
0.0108783 0.2783564414328604E+04 -0.4796523539984322E+01 0.2433490014981203E-01 1.99282e+08
0.0109408 0.2783565868260167E+04 -0.4796831119500801E+01 0.2433458040440720E-01 1.99288e+08
0.0110033 0.2783565495830031E+04 -0.4797147162281312E+01 0.2433422347824346E-01 1.99294e+08
0.0110659 0.2783567021202136E+04 -0.4797472255045260E+01 0.2433318925318022E-01 1.99299e+08
0.0111284 0.2783566370534373E+04 -0.4797806737376477E+01 0.2433206880252402E-01 1.99305e+08
0.0111909 0.2783567902741921E+04 -0.4798150663533256E+01 0.2433100309960640E-01 1.99311e+08
0.0112535 0.2783567356027615E+04 -0.4798503762887291E+01 0.2432993491452403E-01 1.99317e+08
0.011316 0.2783568652634905E+04 -0.4798865556311213E+01 0.2432809750875076E-01 1.99323e+08
0.0113785 0.2783568059887808E+04 -0.4799235585700332E+01 0.2432631620013360E-01 1.99328e+08
0.0114411 0.2783569464532624E+04 -0.4799613780761669E+01 0.2432454501284567E-01 1.99334e+08
0.0115036 0.2783568711092081E+04 -0.4800000758372699E+01 0.2432263216200915E-01 1.9934e+08
0.0115661 0.2783570029854175E+04 -0.4800397961893523E+01 0.2432008233925217E-01 1.99345e+08
0.0116286 0.2783569351241243E+04 -0.4800807484485906E+01 0.2431758854166706E-01 1.99351e+08
0.0116912 0.2783570580136722E+04 -0.4801231671288756E+01 0.2431497273422130E-01 1.99357e+08
0.0117537 0.2783569795609930E+04 -0.4801672579543603E+01 0.2431192361803254E-01 1.99363e+08
0.0118162 0.2783571065196503E+04 -0.4802131534562563E+01 0.2430850308686905E-01 1.99369e+08
0.0118788 0.2783570223769739E+04 -0.4802608871710729E+01 0.2430502187945015E-01 1.99375e+08
0.0119413 0.2783571393045233E+04 -0.4803103973993630E+01 0.2430143937624198E-01 1.99381e+08
0.0120038 0.2783570573849017E+04 -0.4803615557680009E+01 0.2429713077666446E-01 1.99387e+08
0.0120664 0.2783571722380617E+04 -0.4804142215320038E+01 0.2429288284592604E-01 1.99393e+08
0.0121289 0.2783570779569698E+04 -0.4804683105458544E+01 0.2428858608662189E-01 1.99399e+08
0.0121914 0.2783571944366749E+04 -0.4805238707738886E+01 0.2428395135333102E-01 1.99405e+08
0.012254 0.2783571032526300E+04 -0.4805811393796755E+01 0.2427887790273690E-01 1.99411e+08
0.0123165 0.2783572055227034E+04 -0.4806405554511375E+01 0.2427371785115577E-01 1.99417e+08
0.012379 0.2783571117677127E+04 -0.4807026974872178E+01 0.2426832558707775E-01 1.99424e+08
0.0124416 0.2783572186266246E+04 -0.4807681389634133E+01 0.2426199027665001E-01 1.9943e+08
0.0125041 0.2783571092054624E+04 -0.4808372388451833E+01 0.2425541939777734E-01 1.99437e+08
0.0125666 0.2783572117670736E+04 -0.4809099232114342E+01 0.2424854319484697E-01 1.99444e+08
0.0126292 0.2783571088792457E+04 -0.4809855282817589E+01 0.2424116132829277E-01 1.99451e+08
0.0126917 0.2783571993319452E+04 -0.4810627720653126E+01 0.2423347021973946E-01 1.99457e+08
0.0127542 0.2783570893753339E+04 -0.4811398828533808E+01 0.2422596149204190E-01 1.99464e+08
0.0128168 0.2783571895391512E+04 -0.4812148669321110E+01 0.2421879014627717E-01 1.99471e+08
0.0128793 0.2783570776056573E+04 -0.4812858524480396E+01 0.2421167820297287E-01 1.99478e+08
0.0129418 0.2783571740340139E+04 -0.4813514270636443E+01 0.2420545380526575E-01 1.99484e+08
0.0130044 0.2783570715096543E+04 -0.4814108899530872E+01 0.2420005356655710E-01 1.9949e+08
0.0130669 0.2783571732937297E+04 -0.4814643712729122E+01 0.2419513636349694E-01 1.99495e+08
0.0131294 0.2783570672672665E+04 -0.4815128079252277E+01 0.2419082959210699E-01 1.995e+08
0.013192 0.2783571756699514E+04 -0.4815578033796386E+01 0.2418709390280832E-01 1.99506e+08
0.0132545 0.2783570757587338E+04 -0.4816014119359748E+01 0.2418351955358985E-01 1.99511e+08
0.013317 0.2783571746063168E+04 -0.4816458911224698E+01 0.2417947176012317E-01 1.99515e+08
0.0133795 0.2783570706630962E+04 -0.4816934570797818E+01 0.2417518623883682E-01 1.9952e+08
0.0134421 0.2783571750350621E+04 -0.4817460785006245E+01 0.2417031271972792E-01 1.99526e+08
0.0135046 0.2783570582064231E+04 -0.4818053374079906E+01 0.2416433701749519E-01 1.99532e+08
0.0135671 0.2783571507806752E+04 -0.4818723738874541E+01 0.2415745346191181E-01 1.99538e+08
0.0136297 0.2783570350325525E+04 -0.4819479067566409E+01 0.2414974294871435E-01 1.99544e+08
0.0136922 0.2783571183788601E+04 -0.4820323102330041E+01 0.2414106599516181E-01 1.99552e+08
0.0137547 0.2783569888926372E+04 -0.4821257309271020E+01 0.2413101307550405E-01 1.99559e+08
0.0138173 0.2783570689819103E+04 -0.4822282455619561E+01 0.2412006784978549E-01 1.99567e+08
0.0138798 0.2783569313614973E+04 -0.4823400700008546E+01 0.2410807386432594E-01 1.99576e+08
0.0139423 0.2783569970461903E+04 -0.4824618002158942E+01 0.2409475266094103E-01 1.99585e+08
0.0140049 0.2783568518619516E+04 -0.4825945896610444E+01 0.2408003984541146E-01 1.99595e+08
0.0140674 0.2783569115248410E+04 -0.4827400917000301E+01 0.2406393314263426E-01 1.99606e+08
0.0141299 0.2783567494542940E+04 -0.4829000723058063E+01 0.2404614022271247E-01 1.99617e+08
0.0141925 0.2783567929554217E+04 -0.4830758963782167E+01 0.2402604837870192E-01 1.99629e+08
0.014255 0.2783566211048116E+04 -0.4832684339158072E+01 0.2400400050890732E-01 1.99643e+08
0.0143175 0.2783566469276871E+04 -0.4834788527404811E+01 0.2397984387839688E-01 1.99657e+08
0.0143801 0.2783564549046358E+04 -0.4837100151039979E+01 0.2395320325276084E-01 1.99673e+08
0.0144426 0.2783564651236206E+04 -0.4839671416395403E+01 0.2392302160306397E-01 1.9969e+08
0.0145051 0.2783562453180177E+04 -0.4842560286930809E+01 0.2388920953105494E-01 1.99708e+08
0.0145677 0.2783562245418870E+04 -0.4845783253676851E+01 0.2385149071176972E-01 1.99729e+08
0.0146302 0.2783559842194233E+04 -0.4849263285324647E+01 0.2381070798830723E-01 1.99752e+08
0.0146927 0.2783559490779252E+04 -0.4852826042273990E+01 0.2376860573943557E-01 1.99774e+08
0.0147553 0.2783557029597578E+04 -0.4856299282250662E+01 0.2372774795796409E-01 1.99796e+08
0.0148178 0.2783556754159371E+04 -0.4859708781403184E+01 0.2368774471360266E-01 1.99818e+08
0.0148803 0.2783554212129724E+04 -0.4863449942478799E+01 0.2364376157587722E-01 1.99842e+08
0.0149429 0.2783553318265021E+04 -0.4868215078542464E+01 0.2358697845307261E-01 1.99872e+08
0.0150054 0.2783549665569533E+04 -0.4874469402272905E+01 0.2351218862811606E-01 1.9991e+08
0.0150679 0.2783547795672116E+04 -0.4881580603952234E+01 0.2342693748605423E-01 1.99953e+08
0.0151305 0.2783544337886435E+04 -0.4887342766089636E+01 0.2335837054132827E-01 1.99988e+08
0.015193 0.2783544806127006E+04 -0.4888979619459515E+01 0.2333993670801007E-01 200000000
0.0152555 0.2783545347690909E+04 -0.4886086304269923E+01 0.2338310391393316E-01 200000000
0.015318 0.2783549240490268E+04 -0.4880756803222891E+01 0.2346145498226063E-01 200000000
0.0153806 0.2783551339892329E+04 -0.4874745774919663E+01 0.2354992371829393E-01 200000000
0.0154431 0.2783555667037156E+04 -0.4868643184657775E+01 0.2363991823601748E-01 200000000
0.0155056 0.2783557904888062E+04 -0.4862423046788106E+01 0.2373179332664948E-01 200000000
0.0155682 0.2783562403093214E+04 -0.4855965164748771E+01 0.2382726614073716E-01 200000000
0.0156307 0.2783564889087386E+04 -0.4849261904556294E+01 0.2392640161872756E-01 200000000
0.0156932 0.2783569606430809E+04 -0.4842413292598211E+01 0.2402768822367243E-01 200000000
0.0157558 0.2783572153116141E+04 -0.4835561768586837E+01 0.2412899874735065E-01 200000000
0.0158183 0.2783576791916278E+04 -0.4828843973347066E+01 0.2422830495015645E-01 200000000
0.0158808 0.2783579164628057E+04 -0.4822371236386974E+01 0.2432396555193042E-01 200000000
0.0159434 0.2783583487386972E+04 -0.4816226785633071E+01 0.2441476306299797E-01 200000000
0.0160059 0.2783585451058047E+04 -0.4810468037970320E+01 0.2449985984337486E-01 200000000
0.0160684 0.2783589381571974E+04 -0.4805129737794031E+01 0.2457874494161951E-01 200000000
0.016131 0.2783590907651484E+04 -0.4800227215475182E+01 0.2465118388299638E-01 200000000
0.0161935 0.2783594356496651E+04 -0.4795760250315826E+01 0.2471716734661445E-01 200000000
0.016256 0.2783595431137996E+04 -0.4791716969001305E+01 0.2477686094345867E-01 200000000
0.0163186 0.2783598453971741E+04 -0.4788077284450249E+01 0.2483056023119479E-01 200000000
0.0163811 0.2783599107639974E+04 -0.4784815256989314E+01 0.2487865542427657E-01 200000000
0.0164436 0.2783601751952693E+04 -0.4781900618561705E+01 0.2492160489619117E-01 200000000
0.0165062 0.2783602068493016E+04 -0.4779299767413882E+01 0.2495991479231041E-01 200000000
0.0165687 0.2783604385345117E+04 -0.4776976880931276E+01 0.2499412022052497E-01 200000000
0.0166312 0.2783604415528003E+04 -0.4774895282340374E+01 0.2502476579256586E-01 200000000
0.0166937 0.2783606527157375E+04 -0.4773019127681997E+01 0.2505238380941641E-01 200000000
0.0167563 0.2783606360342862E+04 -0.4771315056802916E+01 0.2507747183848787E-01 200000000
0.0168188 0.2783608279787328E+04 -0.4769753622553137E+01 0.2510047103358069E-01 200000000
0.0168813 0.2783607983830982E+04 -0.4768310242719779E+01 0.2512174873294193E-01 200000000
0.0169439 0.2783609803445907E+04 -0.4766965649571895E+01 0.2514158836535575E-01 200000000
0.0170064 0.2783609403300429E+04 -0.4765705687621024E+01 0.2516019029203993E-01 200000000
0.0170689 0.2783611145837936E+04 -0.4764520427129553E+01 0.2517768657731258E-01 200000000
0.0171315 0.2783610670955734E+04 -0.4763402527747272E+01 0.2519416988991522E-01 200000000
0.017194 0.2783612328052454E+04 -0.4762345161290777E+01 0.2520973108652758E-01 200000000
0.0172565 0.2783611793073699E+04 -0.4761340035056170E+01 0.2522449303344878E-01 200000000
0.0173191 0.2783613420251796E+04 -0.4760376431388918E+01 0.2523862429004177E-01 200000000
0.0173816 0.2783612839584501E+04 -0.4759441986154534E+01 0.2525232037863186E-01 200000000
0.0174441 0.2783614419552850E+04 -0.4758525527022362E+01 0.2526575231643697E-01 200000000
0.0175067 0.2783613833755597E+04 -0.4757621288974063E+01 0.2527899918736819E-01 200000000
0.0175692 0.2783615409566281E+04 -0.4756733010018147E+01 0.2529199215644582E-01 200000000
0.0176317 0.2783614783989065E+04 -0.4755875905654434E+01 0.2530449725780596E-01 200000000
0.0176942 0.2783616314246526E+04 -0.4755075062363935E+01 0.2531615040607421E-01 200000000
0.0177568 0.2783615614121488E+04 -0.4754360060021368E+01 0.2532653871889715E-01 200000000
0.0178193 0.2783617032086392E+04 -0.4753757342785034E+01 0.2533530390451613E-01 200000000
0.0178818 0.2783616216032178E+04 -0.4753282866514657E+01 0.2534223532454178E-01 200000000
0.0179444 0.2783617518029528E+04 -0.4752937595649642E+01 0.2534732316007792E-01 200000000
0.0180069 0.2783616564919094E+04 -0.4752707277551297E+01 0.2535075704040381E-01 200000000
0.0180694 0.2783617745937842E+04 -0.4752566356631975E+01 0.2535287447974780E-01 200000000
0.018132 0.2783616727602919E+04 -0.4752484457837586E+01 0.2535408038853811E-01 200000000
0.0181945 0.2783617867877444E+04 -0.4752433192552166E+01 0.2535476516715160E-01 200000000
0.018257 0.2783616810695430E+04 -0.4752391192499855E+01 0.2535524420831151E-01 200000000
0.0183196 0.2783617941129025E+04 -0.4752346167565576E+01 0.2535572867419762E-01 200000000
0.0183821 0.2783616890848300E+04 -0.4752293953277330E+01 0.2535632522409532E-01 200000000
0.0184446 0.2783618026197123E+04 -0.4752235593140274E+01 0.2535705485927950E-01 200000000
0.0185072 0.2783616988568768E+04 -0.4752174025683657E+01 0.2535788131829174E-01 200000000
0.0185697 0.2783618135495474E+04 -0.4752111749528828E+01 0.2535874172382457E-01 200000000
0.0186322 0.2783617084248097E+04 -0.4752050022022008E+01 0.2535957445938278E-01 200000000
0.0186947 0.2783618219441100E+04 -0.4751989272924926E+01 0.2536033947033060E-01 200000000
0.0187573 0.2783617178563769E+04 -0.4751929909447593E+01 0.2536102756385589E-01 200000000
0.0188198 0.2783618315612070E+04 -0.4751872751008976E+01 0.2536165811034125E-01 200000000
0.0188823 0.2783617257650224E+04 -0.4751818783165241E+01 0.2536226758435521E-01 200000000
0.0189449 0.2783618389895812E+04 -0.4751768422133162E+01 0.2536289460717147E-01 200000000
0.0190074 0.2783617341678630E+04 -0.4751720778555499E+01 0.2536356823356809E-01 200000000
0.0190699 0.2783618478793685E+04 -0.4751673411593647E+01 0.2536430323859600E-01 200000000
0.0191325 0.2783617435065079E+04 -0.4751622754778284E+01 0.2536510156635311E-01 200000000
0.019195 0.2783618575561596E+04 -0.4751565009909808E+01 0.2536595889721727E-01 200000000
0.0192575 0.2783617527490861E+04 -0.4751497283547182E+01 0.2536687546844158E-01 200000000
0.0193201 0.2783618672586216E+04 -0.4751418759227952E+01 0.2536786570176507E-01 200000000
0.0193826 0.2783617641773129E+04 -0.4751331253328813E+01 0.2536895536773859E-01 200000000
0.0194451 0.2783618797609269E+04 -0.4751238209325302E+01 0.2537016599103267E-01 200000000
0.0195076 0.2783617760112001E+04 -0.4751143839331064E+01 0.2537148173507565E-01 200000000
0.0195702 0.2783618915522909E+04 -0.4751054404896038E+01 0.2537281282078942E-01 200000000
0.0196327 0.2783617886880277E+04 -0.4750976143746644E+01 0.2537403457741348E-01 200000000
0.0196952 0.2783619032479246E+04 -0.4750913623950031E+01 0.2537499442873677E-01 200000000
0.0197578 0.2783617973580597E+04 -0.4750873545751517E+01 0.2537552362501726E-01 200000000
0.0198203 0.2783619083984597E+04 -0.4750850304692984E+01 0.2537564386439697E-01 2e+08
0.0198828 0.2783618004979965E+04 -0.4750833019196540E+01 0.2537562567493039E-01 2e+08
0.0199454 0.2783619116735498E+04 -0.4750820196233519E+01 0.2537564380640460E-01 2e+08
0.0200079 0.2783618045420184E+04 -0.4750811382012822E+01 0.2537571539916166E-01 2e+08
0.0200704 0.2783619156262322E+04 -0.4750807143435879E+01 0.2537577836030695E-01 2e+08
0.020133 0.2783618064608451E+04 -0.4750807205045516E+01 0.2537556245572202E-01 2e+08
0.0201955 0.2783619167387819E+04 -0.4750808513096442E+01 0.2537538868988402E-01 1.99999e+08
0.020258 0.2783618094611242E+04 -0.4750804224947978E+01 0.2537539854192606E-01 1.99999e+08
0.0203206 0.2783619211968292E+04 -0.4750783516732541E+01 0.2537557062497658E-01 1.99999e+08
0.0203831 0.2783618144611347E+04 -0.4750732512972597E+01 0.2537602701739249E-01 1.99999e+08
0.0204456 0.2783619285216880E+04 -0.4750639147713095E+01 0.2537703600157495E-01 1.99998e+08
0.0205081 0.2783618266940533E+04 -0.4750502243738697E+01 0.2537867171791503E-01 1.99997e+08
0.0205707 0.2783619451192462E+04 -0.4750332985631828E+01 0.2538073644740981E-01 1.99997e+08
0.0206332 0.2783618446375906E+04 -0.4750134489208973E+01 0.2538283608193462E-01 1.99995e+08
0.0206957 0.2783619649775850E+04 -0.4749881703458660E+01 0.2538561161247631E-01 1.99994e+08
0.0207583 0.2783618700017074E+04 -0.4749563233971500E+01 0.2538933118471126E-01 1.99992e+08
0.0208208 0.2783619931556146E+04 -0.4749270407789182E+01 0.2539277202397118E-01 1.9999e+08
0.0208833 0.2783618905931291E+04 -0.4749139058068526E+01 0.2539420950169365E-01 1.99989e+08
0.0209459 0.2783620056490946E+04 -0.4749031727032644E+01 0.2539537625434049E-01 1.99988e+08
0.0210084 0.2783619221108588E+04 -0.4748447585195237E+01 0.2540246260184346E-01 1.99985e+08
0.0210709 0.2783620773373351E+04 -0.4747413741386171E+01 0.2541507874994205E-01 1.99979e+08
0.0211335 0.2783619652787856E+04 -0.4747476500153728E+01 0.2541381717365373E-01 1.99979e+08
0.021196 0.2783619725716505E+04 -0.4749832382554207E+01 0.2538450526030159E-01 1.99992e+08
0.0212585 0.2783618224845940E+04 -0.4750809500528757E+01 0.2537275646721329E-01 200000000
0.021321 0.2783623740448636E+04 -0.4742417046863237E+01 0.2549738156985890E-01 200000000
0.0213836 0.2783636279796895E+04 -0.4716441640809496E+01 0.2588201601470000E-01 200000000
0.0214461 0.2783664075197909E+04 -0.4665525217070534E+01 0.2663572210212643E-01 200000000
0.0215086 0.2783706233694815E+04 -0.4583008454053765E+01 0.2785702802712895E-01 200000000
0.0215712 0.2783770464825946E+04 -0.4462526011696229E+01 0.2964019563671610E-01 200000000
0.0216337 0.2783855890580982E+04 -0.4297407692677840E+01 0.3208407098400131E-01 200000000
0.0216962 0.2783970849561327E+04 -0.4080093651724131E+01 0.3530075189201354E-01 200000000
0.0217587 0.2784115647337870E+04 -0.3801643830932755E+01 0.3942284643339260E-01 200000000
0.0218213 0.2784300250037514E+04 -0.3451370025554550E+01 0.4460899382475429E-01 200000000
0.0218838 0.2784526914124173E+04 -0.3016585931827064E+01 0.5104759938723523E-01 200000000
0.0219463 0.2784807767498358E+04 -0.2482493711994525E+01 0.5895866521033499E-01 200000000
0.0220088 0.2785147270054453E+04 -0.1832208861717944E+01 0.6859349845322114E-01 200000000
0.0220713 0.2785559597169814E+04 -0.1046961467158835E+01 0.8023197825455738E-01 200000000
0.0221338 0.2786050962351328E+04 -0.1064756563165432E+00 0.9417704867026047E-01 200000000
0.0221962 0.2786636795720950E+04 0.1010432604911887E+01 0.1107462067220498E+00 200000000
0.0222587 0.2787323837552568E+04 0.2325068565937239E+01 0.1302599551306050E+00 200000000
0.0223211 0.2788127085680842E+04 0.3857868530740239E+01 0.1530275589025616E+00 200000000
0.0223835 0.2789051755192199E+04 0.5627302059462606E+01 0.1793308261082225E+00 200000000
0.0224459 0.2790110134429748E+04 0.7648699006400099E+01 0.2094071583881433E+00 200000000
0.0225083 0.2791303568240000E+04 0.9933178597721854E+01 0.2434334475549151E+00 200000000
0.0225706 0.2792639441463599E+04 0.1248674060287830E+02 0.2815127773932226E+00 200000000
0.022633 0.2794113451192243E+04 0.1530973645120400E+02 0.3236658028632137E+00 200000000
0.0226952 0.2795726965935062E+04 0.1839672741772918E+02 0.3698284558002943E+00 200000000
0.0227575 0.2797469828257544E+04 0.2173689052448251E+02 0.4198567941649555E+00 200000000
0.0228197 0.2799338203848801E+04 0.2531482184289861E+02 0.4735386970942629E+00 200000000
0.0228818 0.2801317814569943E+04 0.2911176119072578E+02 0.5306109370277502E+00 200000000
0.022944 0.2803402002430748E+04 0.3310691655125851E+02 0.5907789170338762E+00 200000000
0.023006 0.2805575114589079E+04 0.3727884414481233E+02 0.6537363760104664E+00 200000000
0.023068 0.2807830420404688E+04 0.4160654920556858E+02 0.7191821694138010E+00 200000000
0.02313 0.2810153250281634E+04 0.4607037502454417E+02 0.7868330081854042E+00 200000000
0.0231919 0.2812538532845649E+04 0.5065247650750494E+02 0.8564311826488856E+00 200000000
0.0232538 0.2814973664496078E+04 0.5533709831691124E+02 0.9277484254940478E+00 200000000
0.0233156 0.2817455748313895E+04 0.6011054042574309E+02 0.1000586162454948E+01 200000000
0.0233773 0.2819974316979078E+04 0.6496107965953307E+02 0.1074774093348143E+01 200000000
0.023439 0.2822528430284721E+04 0.6987871852181317E+02 0.1150167140788360E+01 200000000
0.0235007 0.2825109361662706E+04 0.7485500582198907E+02 0.1226642463174027E+01 200000000
0.0235623 0.2827717627782545E+04 0.7988276057626362E+02 0.1304095922561276E+01 200000000
0.0236238 0.2830345761652491E+04 0.8495591517506389E+02 0.1382439369836294E+01 200000000
0.0236853 0.2832995333598699E+04 0.9006928382170953E+02 0.1461597680184373E+01 200000000
0.0237467 0.2835659772180943E+04 0.9521845847997720E+02 0.1541506786813374E+01 200000000
0.023808 0.2838341341147236E+04 0.1003996281271136E+03 0.1622111434579476E+01 200000000
0.0238693 0.2841034063949033E+04 0.1056095191428448E+03 0.1703363926114297E+01 200000000
0.0239306 0.2843740687142003E+04 0.1108452517769848E+03 0.1785222467610312E+01 200000000
0.0239917 0.2846455655631405E+04 0.1161043119307653E+03 0.1867650429010071E+01 200000000
0.0240529 0.2849182037890163E+04 0.1213844355605925E+03 0.1950615045763349E+01 200000000
0.0241139 0.2851914552417889E+04 0.1266836047600309E+03 0.2034086951951783E+01 200000000
0.0241749 0.2854656462377246E+04 0.1319999525939261E+03 0.2118039057341265E+01 200000000
0.0242359 0.2857402652720908E+04 0.1373317733100298E+03 0.2202446256502826E+01 200000000
0.0242968 0.2860156514166427E+04 0.1426774358008866E+03 0.2287284460108653E+01 200000000
0.0243576 0.2862913032341412E+04 0.1480353977406693E+03 0.2372530472886499E+01 200000000
0.0244184 0.2865675617344776E+04 0.1534041224407487E+03 0.2458161142896273E+01 200000000
0.0244791 0.2868439280728973E+04 0.1587820963021499E+03 0.2544153322142061E+01 200000000
0.0245397 0.2871207426260990E+04 0.1641677511971323E+03 0.2630483035259958E+01 200000000
0.0246003 0.2873975051506879E+04 0.1695594876528968E+03 0.2717125448638773E+01 200000000
0.0246608 0.2876745478537047E+04 0.1749556038668314E+03 0.2804054040606445E+01 200000000
0.0247213 0.2879513623597326E+04 0.1803543240838618E+03 0.2891240608316494E+01 200000000
0.0247817 0.2882282687488724E+04 0.1857537330327034E+03 0.2978654503381292E+01 200000000
0.0248421 0.2885047474342621E+04 0.1911518084076783E+03 0.3066262752838146E+01 200000000
0.0249024 0.2887811039581810E+04 0.1965463601439069E+03 0.3154029437810900E+01 200000000
0.0249627 0.2890568044918278E+04 0.2019350674548026E+03 0.3241915976603623E+01 200000000
0.0250228 0.2893321371595560E+04 0.2073154247590665E+03 0.3329880643644484E+01 200000000
0.025083 0.2896065528828634E+04 0.2126847853123156E+03 0.3417878940503097E+01 200000000
0.0251431 0.2898803249205992E+04 0.2180403134929023E+03 0.3505863120001361E+01 200000000
0.0252031 0.2901528895967258E+04 0.2233790291179466E+03 0.3593782454934567E+01 200000000
0.025263 0.2904245006244634E+04 0.2286977509195175E+03 0.3681582536279441E+01 200000000
0.0253229 0.2906945748218114E+04 0.2339931137213828E+03 0.3769205133569072E+01 200000000
0.0253828 0.2909633416977917E+04 0.2392614633061219E+03 0.3856586796258492E+01 200000000
0.0254426 0.2912301878805829E+04 0.2444987965591364E+03 0.3943657518901744E+01 200000000
0.0255023 0.2914952955276339E+04 0.2497005449100404E+03 0.4030337467438691E+01 200000000
0.025562 0.2917579840418125E+04 0.2548613528816795E+03 0.4116532880562894E+01 200000000
0.0256216 0.2920183331876287E+04 0.2599746410728457E+03 0.4202128981543055E+01 200000000
0.0256812 0.2922755148727125E+04 0.2650320982845996E+03 0.4286980847474721E+01 200000000
0.0257408 0.2925293947505085E+04 0.2700229043648782E+03 0.4370900315635805E+01 200000000
0.0258002 0.2927788483792182E+04 0.2749328663515121E+03 0.4453640650478704E+01 200000000
0.0258597 0.2930233462516432E+04 0.2797433855089789E+03 0.4534878897564000E+01 200000000
0.025919 0.2932612768602491E+04 0.2844306295148662E+03 0.4614200702538074E+01 200000000
0.0259784 0.2934915601968811E+04 0.2889650985212804E+03 0.4691092426501813E+01 200000000
0.0260377 0.2937120418874425E+04 0.2933121828491833E+03 0.4764949690570047E+01 200000000
0.0260969 0.2939212166579975E+04 0.2974339599269744E+03 0.4835108139202045E+01 200000000
0.0261561 0.2941167594809930E+04 0.3012923804466761E+03 0.4900897388867122E+01 200000000
0.0262153 0.2942973555509161E+04 0.3048532237125401E+03 0.4961709611845952E+01 200000000
0.0262744 0.2944612643976795E+04 0.3080898967222637E+03 0.5017065681917341E+01 200000000
0.0263335 0.2946080855560810E+04 0.3109861777969089E+03 0.5066664691215028E+01 200000000
0.0263926 0.2947371882563838E+04 0.3135373546345798E+03 0.5110404131793124E+01 200000000
0.0264516 0.2948493207805040E+04 0.3157499802440855E+03 0.5148376978872014E+01 200000000
0.0265106 0.2949449071729540E+04 0.3176402733017165E+03 0.5180844821852344E+01 200000000
0.0265696 0.2950255707053333E+04 0.3192320671911831E+03 0.5208205077880593E+01 200000000
0.0266286 0.2950923759079589E+04 0.3205541961475537E+03 0.5230944458770824E+01 200000000
0.0266876 0.2951473372586553E+04 0.3216384060821946E+03 0.5249601416156842E+01 200000000
0.0267466 0.2951916783330212E+04 0.3225169159794403E+03 0.5264723216103380E+01 200000000
0.0268055 0.2952273888626694E+04 0.3232209002105810E+03 0.5276844624490681E+01 200000000
0.0268645 0.2952555175992293E+04 0.3237788885493977E+03 0.5286457010528364E+01 200000000
0.0269234 0.2952777634990337E+04 0.3242165785391327E+03 0.5293999281480110E+01 200000000
0.0269824 0.2952948141179062E+04 0.3245558750813368E+03 0.5299842181536499E+01 200000000
0.0270413 0.2953080122441378E+04 0.3248150334134677E+03 0.5304304597541319E+01 200000000
0.0271003 0.2953177060270731E+04 0.3250084645429909E+03 0.5307642281913142E+01 200000000
0.0271592 0.2953249090387422E+04 0.3251486002400233E+03 0.5310062461023687E+01 200000000
0.0272182 0.2953296763567728E+04 0.3252453823984453E+03 0.5311721410983937E+01 200000000
0.0272771 0.2953328924494514E+04 0.3253074093232516E+03 0.5312782990327730E+01 200000000
0.027336 0.2953345604653289E+04 0.3253415875482604E+03 0.5313385987560451E+01 200000000
0.027395 0.2953355530160274E+04 0.3253584844076273E+03 0.5313689943062553E+01 200000000
0.0274539 0.2953356791462430E+04 0.3253663153191097E+03 0.5313767070018502E+01 1.99961e+08
0.0275128 0.2953360950318743E+04 0.3253690776894432E+03 0.5313874276565312E+01 200000000
0.0275718 0.2953358764735805E+04 0.3253705439707017E+03 0.5313834116825338E+01 1.99936e+08
0.0276307 0.2953361857967312E+04 0.3253712598071645E+03 0.5313905227527275E+01 1.99992e+08
0.0276897 0.2953359310822525E+04 0.3253717760641814E+03 0.5313852690298310E+01 1.99929e+08
0.0277486 0.2953362274697750E+04 0.3253722313184383E+03 0.5313919137362780E+01 1.99986e+08
0.0278075 0.2953359692641463E+04 0.3253726805469927E+03 0.5313865383483877E+01 1.99924e+08
0.0278665 0.2953362651222675E+04 0.3253731420908634E+03 0.5313931769611361E+01 1.99981e+08
0.0279254 0.2953360091316405E+04 0.3253736245478481E+03 0.5313878951592362E+01 1.99918e+08
0.0279843 0.2953363109090759E+04 0.3253741350447256E+03 0.5313947334407882E+01 1.99976e+08
0.0280433 0.2953360570191190E+04 0.3253746815644351E+03 0.5313894933756235E+01 1.99912e+08
0.0281022 0.2953363580326011E+04 0.3253752736320071E+03 0.5313963000854683E+01 1.99968e+08
0.0281612 0.2953361084609193E+04 0.3253759197073720E+03 0.5313912347454878E+01 1.99905e+08
0.0282201 0.2953364156650624E+04 0.3253766210704052E+03 0.5313982755170155E+01 1.99962e+08
0.028279 0.2953361706361999E+04 0.3253773703965146E+03 0.5313933332277585E+01 1.99898e+08
0.028338 0.2953364817989094E+04 0.3253781583283418E+03 0.5314004902831708E+01 1.99953e+08
0.0283969 0.2953362418299411E+04 0.3253789741543262E+03 0.5313957345812525E+01 1.99889e+08
0.0284558 0.2953365538775352E+04 0.3253797948667618E+03 0.5314029410934845E+01 1.99944e+08
0.0285148 0.2953363117859104E+04 0.3253805878568410E+03 0.5313981137275152E+01 1.99879e+08
0.0285737 0.2953366242749615E+04 0.3253813427399720E+03 0.5314053139228658E+01 1.99935e+08
0.0286326 0.2953363784811228E+04 0.3253820932176009E+03 0.5314003528244661E+01 1.99871e+08
0.0286916 0.2953366876558910E+04 0.3253829042048224E+03 0.5314074445636576E+01 1.99926e+08
0.0287505 0.2953364508518427E+04 0.3253838722724982E+03 0.5314028156263404E+01 1.99861e+08
0.0288095 0.2953367876968091E+04 0.3253851629720377E+03 0.5314108548135871E+01 1.99914e+08
0.0288684 0.2953365862230817E+04 0.3253869627673328E+03 0.5314073982931393E+01 1.99844e+08
0.0289273 0.2953369627369139E+04 0.3253893083107499E+03 0.5314167782602990E+01 1.99892e+08
0.0289863 0.2953368017095385E+04 0.3253919658956437E+03 0.5314147265613242E+01 1.99817e+08
0.0290452 0.2953371967510192E+04 0.3253945294016779E+03 0.5314247624694798E+01 1.99863e+08
0.0291041 0.2953369980656271E+04 0.3253964148109769E+03 0.5314214017425156E+01 1.99792e+08
0.0291631 0.2953372861886536E+04 0.3253967796845384E+03 0.5314277738079756E+01 1.99852e+08
0.029222 0.2953369193752354E+04 0.3253946400309661E+03 0.5314186887718694E+01 1.99802e+08
0.029281 0.2953369984767392E+04 0.3253897865669219E+03 0.5314179579346229E+01 1.99887e+08
0.0293399 0.2953364130975373E+04 0.3253829007472139E+03 0.5314014298619758E+01 1.99865e+08
0.0293988 0.2953363553083258E+04 0.3253756173352416E+03 0.5313960154317313E+01 1.99967e+08
0.0294578 0.2953358311220730E+04 0.3253697456989974E+03 0.5313815586778169E+01 1.99937e+08
0.0295167 0.2953361333204268E+04 0.3253692613704793E+03 0.5313884121283100E+01 200000000
0.0295756 0.2953362408444445E+04 0.3253795094987018E+03 0.5313955198216035E+01 1.99886e+08
0.0296346 0.2953377871398631E+04 0.3254069120436783E+03 0.5314447896397293E+01 1.99823e+08
0.0296935 0.2953397028072262E+04 0.3254593464058750E+03 0.5315134940696628E+01 1.99454e+08
0.0297524 0.2953436880301716E+04 0.3255434125973431E+03 0.5316458850339580E+01 1.99084e+08
0.0298114 0.2953486314994017E+04 0.3256656447835950E+03 0.5318178346552412E+01 1.98341e+08
0.0298703 0.2953562339637770E+04 0.3258331218605595E+03 0.5320735822496594E+01 1.97524e+08
0.0299293 0.2953654445935563E+04 0.3260540983032765E+03 0.5323910334809086E+01 1.96245e+08
0.0299882 0.2953781104083318E+04 0.3263385279013568E+03 0.5328194797127912E+01 1.94797e+08
0.0300471 0.2953933385619051E+04 0.3266984542401528E+03 0.5333422613394339E+01 1.92771e+08
0.030106 0.2954131578668508E+04 0.3271482554967865E+03 0.5340149181006766E+01 1.90429e+08
0.030165 0.2954368980640164E+04 0.3277047483454118E+03 0.5348284205784914E+01 1.87344e+08
0.0302239 0.2954667910708106E+04 0.3283871110443840E+03 0.5358453260776766E+01 1.83752e+08
0.0302828 0.2955023431769059E+04 0.3292166168274801E+03 0.5370627607730896E+01 1.79194e+08
0.0303417 0.2955459485181480E+04 0.3302161252452613E+03 0.5385490492167984E+01 1.73889e+08
0.0304006 0.2955972514808033E+04 0.3314093412277403E+03 0.5403062819636228E+01 1.67376e+08
0.0304594 0.2956586523661682E+04 0.3328198054443245E+03 0.5424032671846966E+01 1.59865e+08
0.0305183 0.2957296995161309E+04 0.3344696816886406E+03 0.5448391424220183E+01 1.50891e+08
0.0305772 0.2958126485482085E+04 0.3363783506757864E+03 0.5476782941274822E+01 1.40699e+08
0.030636 0.2959067448389296E+04 0.3385609499179753E+03 0.5509099792614842E+01 1.28866e+08
0.0306948 0.2960137972715913E+04 0.3410268474585652E+03 0.5545837782131118E+01 1.15686e+08
0.0307536 0.2961324748230462E+04 0.3437780619335232E+03 0.5586695951330128E+01 1.00803e+08
0.0308124 0.2962638836988859E+04 0.3468072588146769E+03 0.5631933185711855E+01 8.46091e+07
0.0308711 0.2964057458982827E+04 0.3500949505148603E+03 0.5680924795345691E+01 6.68595e+07
0.0309298 0.2965579447438122E+04 0.3536055788473029E+03 0.5733508084663544E+01 4.80977e+07
0.0309885 0.2967166694897184E+04 0.3572837649209357E+03 0.5788523572654626E+01 2.82768e+07
0.0310471 0.2968800766618691E+04 0.3610541481381667E+03 0.5845201218582615E+01 8.15077e+06
0.0311057 0.2970429388799533E+04 0.3648291228173309E+03 0.5901874114057425E+01 -1.21663e+07
0.0311643 0.2972030141023733E+04 0.3685235095237264E+03 0.5957615574052936E+01 -3.1862e+07
0.0312229 0.2973559036220008E+04 0.3720682988270872E+03 0.6011027319415177E+01 -5.0917e+07
0.0312814 0.2975009600470520E+04 0.3754158027713126E+03 0.6061723522782081E+01 -6.87303e+07
0.0313399 0.2976354928834457E+04 0.3785367761778019E+03 0.6108891840609691E+01 -8.55014e+07
0.0313984 0.2977602238250481E+04 0.3814146684667385E+03 0.6152621639157700E+01 -1.00788e+08
0.0314568 0.2978733708794297E+04 0.3840411102204906E+03 0.6192417581310635E+01 -1.149e+08
0.0315152 0.2979762361084681E+04 0.3864134575010668E+03 0.6228574105754471E+01 -1.27475e+08
0.0315736 0.2980674971546255E+04 0.3885338509655153E+03 0.6260759238463424E+01 -1.38876e+08
0.031632 0.2981488615615014E+04 0.3904088434224652E+03 0.6289413631280391E+01 -1.48787e+08
0.0316904 0.2982193688514481E+04 0.3920491359374368E+03 0.6314336665072879E+01 -1.57622e+08
0.0317488 0.2982810627913173E+04 0.3934690631245277E+03 0.6336091871039372E+01 -1.65105e+08
0.0318071 0.2983332704541669E+04 0.3946857580219760E+03 0.6354583652247384E+01 -1.71676e+08
0.0318655 0.2983782284115122E+04 0.3957181161654980E+03 0.6370447138237707E+01 -1.77085e+08
0.0319238 0.2984153429420949E+04 0.3965858340042722E+03 0.6383617847808819E+01 -1.818e+08
0.0319821 0.2984469315517794E+04 0.3973086695785088E+03 0.6394762836928544E+01 -1.85561e+08
0.0320404 0.2984723631521433E+04 0.3979057345651713E+03 0.6403806500149570E+01 -1.88831e+08
0.0320988 0.2984938512313669E+04 0.3983948290178829E+03 0.6411380705965461E+01 -1.91342e+08
0.0321571 0.2985106313545229E+04 0.3987918991428002E+03 0.6417363573232842E+01 -1.93548e+08
0.0322154 0.2985247843243225E+04 0.3991110056515416E+03 0.6422341347777445E+01 -1.95156e+08
0.0322737 0.2985353819217266E+04 0.3993644216410089E+03 0.6426134985389750E+01 -1.96597e+08
0.032332 0.2985443038352442E+04 0.3995627371950255E+03 0.6429260047884649E+01 -1.97564e+08
0.0323903 0.2985504897533111E+04 0.3997145874802198E+03 0.6431490602753937E+01 -1.98457e+08
0.0324486 0.2985556941612257E+04 0.3998269412198304E+03 0.6433297985016444E+01 -1.98965e+08
0.0325069 0.2985587675925759E+04 0.3999057973890370E+03 0.6434425151268368E+01 -1.99478e+08
0.0325652 0.2985613625715077E+04 0.3999573963526378E+03 0.6435307578770956E+01 -1.9967e+08
0.0326235 0.2985622881349433E+04 0.3999875937407373E+03 0.6435673476423943E+01 -1.99912e+08
0.0326818 0.2985632116198810E+04 0.4000016626506890E+03 0.6435963257713160E+01 -1.99891e+08
0.0327401 0.2985629757252738E+04 0.4000038463164956E+03 0.6435917130319038E+01 -200000000
0.0327984 0.2985633066134033E+04 0.4000007441111601E+03 0.6435996686570913E+01 -1.99905e+08
0.0328567 0.2985627018231559E+04 0.3999978837026165E+03 0.6435819944901480E+01 -1.99995e+08
0.032915 0.2985629166467483E+04 0.3999952889347403E+03 0.6435858515076707E+01 -1.99855e+08
0.0329733 0.2985623647441738E+04 0.3999917048926002E+03 0.6435700434407646E+01 -1.99952e+08
0.0330316 0.2985627592764717E+04 0.3999874598018247E+03 0.6435802512393701E+01 -1.99836e+08
0.0330899 0.2985622723890649E+04 0.3999856482840543E+03 0.6435667460188944E+01 -1.99942e+08
0.0331482 0.2985625497983139E+04 0.3999872629338572E+03 0.6435728231108357E+01 -1.99812e+08
0.0332065 0.2985620686658698E+04 0.3999882499376771E+03 0.6435595330893064E+01 -1.99915e+08
0.0332648 0.2985626359526342E+04 0.3999853982924937E+03 0.6435758743214562E+01 -1.99819e+08
0.0333231 0.2985623577813794E+04 0.3999828904020748E+03 0.6435697600024300E+01 -1.9995e+08
0.0333814 0.2985626456085034E+04 0.3999864305753021E+03 0.6435761999039932E+01 -1.99825e+08
0.0334397 0.2985620016728621E+04 0.3999920249878625E+03 0.6435571374096137E+01 -1.99906e+08
0.033498 0.2985625590083832E+04 0.3999900341376359E+03 0.6435731392699311E+01 -1.99808e+08
0.0335563 0.2985625670904738E+04 0.3999825211327827E+03 0.6435771747702946E+01 -1.99975e+08
0.0336146 0.2985629689874192E+04 0.3999825448791213E+03 0.6435876510563124E+01 -1.99861e+08
0.0336729 0.2985618586343597E+04 0.3999917672422189E+03 0.6435520444844831E+01 -1.99888e+08
0.0337312 0.2985619977684214E+04 0.3999941912755437E+03 0.6435532229172555E+01 -1.9974e+08
0.0337895 0.2985626949198870E+04 0.3999881003870491E+03 0.6435817046210590E+01 -200000000
0.0338478 0.2985641108878829E+04 0.3999833202150787E+03 0.6436281311210077E+01 -2e+08
0.0339061 0.2985611450429046E+04 0.3999706244581640E+03 0.6435267292592737E+01 -200000000
0.0339644 0.2985532065537097E+04 0.3998704348932479E+03 0.6432415054718968E+01 -200000000
0.0340227 0.2985405794824301E+04 0.3995571117168234E+03 0.6427976283991652E+01 -200000000
0.034081 0.2985159411888520E+04 0.3989602798751719E+03 0.6419205356765474E+01 -200000000
0.0341393 0.2984595751146326E+04 0.3979719712010141E+03 0.6399271108397947E+01 -200000000
0.0341977 0.2983499692941803E+04 0.3960495290002801E+03 0.6360427652039845E+01 -200000000
0.034256 0.2981592881172080E+04 0.3918648758245845E+03 0.6293050014708503E+01 -200000000
0.0343144 0.2977716771354175E+04 0.3840871451383196E+03 0.6156343991830616E+01 -200000000
0.034373 0.2969844325658027E+04 0.3696532796194696E+03 0.5880341668396269E+01 -200000000
0.0344317 0.2955806880235749E+04 0.3405885062095298E+03 0.5393243094224252E+01 -200000000
0.0344909 0.2929116537623977E+04 0.2888183199703523E+03 0.4485477795022493E+01 -200000000
0.0345507 0.2885630226068057E+04 0.2030911456435431E+03 0.3057289703092737E+01 -200000000
0.0346115 0.2844684775924422E+04 0.1225225204269151E+03 0.1767509396628100E+01 -200000000
0.0346729 0.2822110927623219E+04 0.7817533140778484E+02 0.1082568183571732E+01 -200000000
0.0347347 0.2810699183953452E+04 0.5578748647417590E+02 0.7437493442965275E+00 -200000000
0.0347967 0.2805159950907290E+04 0.4492688434649420E+02 0.5811293656364522E+00 -200000000
0.0348588 0.2802523291864253E+04 0.3975598997934566E+02 0.5041503672980735E+00 -200000000
0.0349209 0.2801278361025214E+04 0.3731631691467722E+02 0.4679001778611813E+00 -200000000
0.0349831 0.2800689459113072E+04 0.3617079882497990E+02 0.4507739869740304E+00 -200000000
0.0350452 0.2800408781022427E+04 0.3562710928270715E+02 0.4426162991702334E+00 -200000000
0.0351074 0.2800272787191608E+04 0.3536393349827888E+02 0.4386648659115046E+00 -200000000
0.0351695 0.2800208235072078E+04 0.3523883001350682E+02 0.4367894879254936E+00 -200000000
0.0352317 0.2800181762429565E+04 0.3518726097801236E+02 0.4360204374358076E+00 -200000000
0.0352939 0.2800173263757855E+04 0.3516899979954002E+02 0.4357735376977446E+00 -1.99919e+08
0.035356 0.2800170081809992E+04 0.3516156425986693E+02 0.4356810859888700E+00 -1.99878e+08
0.0354182 0.2800168826351236E+04 0.3515861619054691E+02 0.4356445971809630E+00 -1.99861e+08
0.0354803 0.2800168302444964E+04 0.3515743303233015E+02 0.4356293593170041E+00 -1.99854e+08
0.0355425 0.2800168131806999E+04 0.3515701025054831E+02 0.4356243836146158E+00 -1.99851e+08
0.0356047 0.2800168094386108E+04 0.3515694246403650E+02 0.4356232778112586E+00 -1.99851e+08
0.0356668 0.2800168147556342E+04 0.3515705558611210E+02 0.4356248036674945E+00 -1.99852e+08
0.035729 0.2800168220150198E+04 0.3515722830445727E+02 0.4356268938477653E+00 -1.99853e+08
0.0357912 0.2800168252220622E+04 0.3515731573182065E+02 0.4356278069505169E+00 -1.99854e+08
0.0358533 0.2800168185252902E+04 0.3515713821481922E+02 0.4356258431901995E+00 -1.99852e+08
0.0359155 0.2800167904799669E+04 0.3515652472225433E+02 0.4356176779937225E+00 -1.99849e+08
0.0359776 0.2800167438237339E+04 0.3515539784639063E+02 0.4356041066300951E+00 -1.99842e+08
0.0360398 0.2800166767390399E+04 0.3515387651032459E+02 0.4355846011192420E+00 -1.99834e+08
0.036102 0.2800166128050824E+04 0.3515236002875930E+02 0.4355660109670035E+00 -1.99825e+08
0.0361641 0.2800165766834141E+04 0.3515153957188107E+02 0.4355555000480527E+00 -1.99821e+08
0.0362263 0.2800166094569716E+04 0.3515228435253658E+02 0.4355650024659167E+00 -1.99825e+08
0.0362884 0.2800167419043186E+04 0.3515536929286000E+02 0.4356034590692439E+00 -1.99843e+08
0.0363506 0.2800169888112101E+04 0.3516110024282892E+02 0.4356751651457905E+00 -1.99875e+08
0.0364128 0.2800173259949534E+04 0.3516889950352677E+02 0.4357730961787122E+00 -1.99919e+08
0.0364749 0.2800176746922553E+04 0.3517705181382576E+02 0.4358743723702252E+00 -1.99966e+08
0.0365371 0.2800179164087569E+04 0.3518247235430047E+02 0.4359445718582339E+00 -1.99997e+08
0.0365993 0.2800178530299494E+04 0.3518162148730740E+02 0.4359261433023083E+00 -200000000
0.0366614 0.2800172213088697E+04 0.3516730481556969E+02 0.4357426161834713E+00 -1.99936e+08
0.0367236 0.2800155242020555E+04 0.3512796334449181E+02 0.4352496122946966E+00 -1.99713e+08
0.0367857 0.2800122670603273E+04 0.3505240512875834E+02 0.4343034747199216E+00 -1.99285e+08
0.0368479 0.2800069944891856E+04 0.3493009669556680E+02 0.4327720017810012E+00 -1.98592e+08
0.0369101 0.2799991990594990E+04 0.3474926742407795E+02 0.4305079676511307E+00 -1.97568e+08
0.0369722 0.2799882332256774E+04 0.3449489779617915E+02 0.4273236031563554E+00 -1.96126e+08
0.0370344 0.2799732301017691E+04 0.3414688197220344E+02 0.4229677030043162E+00 -1.94154e+08
0.0370966 0.2799530228491212E+04 0.3367815878922029E+02 0.4171024234642390E+00 -1.91498e+08
0.0371588 0.2799260612722113E+04 0.3305277909359437E+02 0.4092794273789162E+00 -1.87954e+08
0.0372209 0.2798903243222820E+04 0.3222387955942408E+02 0.3989151005507837E+00 -1.83255e+08
0.0372831 0.2798432329096151E+04 0.3113166603664411E+02 0.3852662712247274E+00 -1.77063e+08
0.0373453 0.2797815767748203E+04 0.2970172657319637E+02 0.3674106391883123E+00 -1.68955e+08
0.0374076 0.2797014867008077E+04 0.2784440179996621E+02 0.3442412486685488E+00 -1.58419e+08
0.0374698 0.2795985360204472E+04 0.2545716143465993E+02 0.3144995149328823E+00 -1.44871e+08
0.0375321 0.2794683585710385E+04 0.2243896670928241E+02 0.2769582196247282E+00 -1.27734e+08
0.0375944 0.2793101000301704E+04 0.1877029378101490E+02 0.2314175971874889E+00 -1.06888e+08
0.0376567 0.2791385730169923E+04 0.1479466617872142E+02 0.1821796879354006E+00 -8.42822e+07
0.0377191 0.2789847723774030E+04 0.1123039849062728E+02 0.1381374756334209E+00 -6.40004e+07
0.0377815 0.2788623437875451E+04 0.8393568632754087E+01 0.1031529010165031E+00 -4.78477e+07
0.0378439 0.2787681412736451E+04 0.6211046319751423E+01 0.7627908662676611E-01 -3.54142e+07
0.0379064 0.2786965796065513E+04 0.4553239787316041E+01 0.5589043890555356E-01 -2.59662e+07
0.0379688 0.2786426795086057E+04 0.3304678192927283E+01 0.4054875099301058E-01 -1.88483e+07
0.0380313 0.2786023364114108E+04 0.2370209970724942E+01 0.2907426573618208E-01 -1.35199e+07
0.0380938 0.2785722824836539E+04 0.1674100445234163E+01 0.2053095926645188E-01 -9.54991e+06
0.0381563 0.2785499823004020E+04 0.1157600172560781E+01 0.1419437830231630E-01 -6.60389e+06
0.0382188 0.2785335112553073E+04 0.7761193753494188E+00 0.9515566269481631E-02 -4.42779e+06
0.0382813 0.2785214368888886E+04 0.4964737305762840E+00 0.6086456075050074E-02 -2.83249e+06
0.0383438 0.2785127101619527E+04 0.2943630083910037E+00 0.3608477824563647E-02 -1.67944e+06
0.0384062 0.2785065676782563E+04 0.1521046098093534E+00 0.1864506517038195E-02 -867819
0.0384687 0.2785024448785705E+04 0.5662222498387449E-01 0.6940576257652949E-03 -323056
0.0385312 0.2784999022128708E+04 -0.2264642041978982E-02 -0.2775857740480592E-04 12921.3
0.0385937 0.2784985686134507E+04 -0.3315005503806050E-01 -0.4063313519236967E-03 189139
0.0386562 0.2784981077653345E+04 -0.4382302630820530E-01 -0.5371517565117978E-03 250034
0.0387187 0.2784982105294406E+04 -0.4144307797599817E-01 -0.5079803309428521E-03 236455
0.0387812 0.2784986088293270E+04 -0.3221869301771774E-01 -0.3949153949834143E-03 183825
0.0388437 0.2784990961144196E+04 -0.2093345919971431E-01 -0.2565894106054660E-03 119436
0.0389063 0.2784995381905880E+04 -0.1069523884665754E-01 -0.1310960257549222E-03 61021.9
0.0389688 0.2784998683630872E+04 -0.3048634574813606E-02 -0.3736848463164831E-04 17394
0.0390313 0.2785000714684227E+04 0.1655169428411790E-02 0.2028817457507615E-04 -9443.59
0.0390938 0.2785001644386411E+04 0.3808305209853015E-02 0.4668021812407783E-04 -21728.3
0.0391563 0.2785001788768482E+04 0.4142688210521051E-02 0.5077888686046874E-04 -23636.2
0.0392188 0.2785001482247221E+04 0.3432798679623933E-02 0.4207746689674905E-04 -19585.8
0.0392813 0.2785001000900997E+04 0.2318031820966454E-02 0.2841318402951119E-04 -13225.6
0.0393437 0.2785000531015124E+04 0.1229800361842818E-02 0.1507424312031436E-04 -7016.62
0.0394062 0.2785000170117788E+04 0.3939843484139414E-03 0.4829233841758923E-05 -2247.9
0.0394687 0.2784999946415598E+04 -0.1240995423819230E-03 -0.1521131615694108E-05 708.077
0.0395312 0.2784999844441507E+04 -0.3602631339682386E-03 -0.4415929246634246E-05 2055.48
0.0395937 0.2784999828690365E+04 -0.3967429374392419E-03 -0.4863066008538605E-05 2263.62
0.0396562 0.2784999860920277E+04 -0.3221010682206239E-03 -0.3948136892407853E-05 1837.76
0.0397187 0.2784999910145047E+04 -0.2080989020745807E-03 -0.2550764861087720E-05 1187.31
0.0397813 0.2784999956349086E+04 -0.1010895821467001E-03 -0.1239143943829609E-05 576.734
0.0398438 0.2784999989948571E+04 -0.2327899362100814E-04 -0.2853357781352726E-06 132.83
0.0399063 0.2785000009049532E+04 0.2095923374831449E-04 0.2568943410142619E-06 -119.597
0.0399688 0.2785000016208064E+04 0.3753671876619844E-04 0.4601077602950858E-06 -214.176
0.0400313 0.2785000015643692E+04 0.3622743368898285E-04 0.4440866220659748E-06 -206.681
0.0400938 0.2785000011393493E+04 0.2638730253632319E-04 0.3234337449030739E-06 -150.544
0.0401563 0.2785000006408346E+04 0.1484013685805525E-04 0.1819174370340276E-06 -84.6697
0.0402187 0.2785000002337036E+04 0.5414929401520879E-05 0.6634280796594419E-07 -30.8978
0.0402812 0.2784999999768077E+04 -0.5341264043225400E-06 -0.6583721429762481E-08 3.04373
0.0403437 0.2784999998600154E+04 -0.3239653958379672E-05 -0.3973825521830055E-07 18.464
0.0404062 0.2784999998420077E+04 -0.3662938124967229E-05 -0.4485018908813407E-07 20.924
0.0404687 0.2784999998757275E+04 -0.2876698534537763E-05 -0.3527796125597236E-07 16.4102
0.0405312 0.2784999999255553E+04 -0.1724359336574055E-05 -0.2113307170315560E-07 9.81922
0.0405938 0.2784999999693673E+04 -0.7096242471680891E-06 -0.8695896328315850E-08 4.0565
0.0406563 0.2784999999982191E+04 -0.3944966146090235E-07 -0.5055671009131179E-09 0.217992
0.0407188 0.2785000000122689E+04 0.2835651680862983E-06 0.3482856051402814E-08 -1.61615
0.0407813 0.2785000000151977E+04 0.3532000734218147E-06 0.4314247496019686E-08 -2.01543
0.0408438 0.2785000000123086E+04 0.2842684057903959E-06 0.3494108625633151E-08 -1.6187
0.0409063 0.2785000000072427E+04 0.1706820085143124E-06 0.2056008572198887E-08 -0.983367
0.0409687 0.2785000000030079E+04 0.6800478396072887E-07 0.8538790382245347E-09 -0.372896
0.0410312 0.2784999999999604E+04 0.2491855029342241E-09 -0.1123501951863688E-10 -0.00998504
0.0410937 0.2784999999986544E+04 -0.3146363938972382E-07 -0.3819818863002588E-09 0.186217
0.0411562 0.2784999999982982E+04 -0.3752951073835179E-07 -0.4830970619742674E-09 0.193839
0.0412187 0.2784999999986544E+04 -0.3082702950925860E-07 -0.3819818863005639E-09 0.179968
0.0412812 0.2784999999991293E+04 -0.1988640147671724E-07 -0.2471616520685985E-09 0.116282
0.0413437 0.2784999999995251E+04 -0.1112736084925873E-07 -0.1348114568747237E-09 0.0559105
0.0414062 0.2784999999997626E+04 -0.5370536418607444E-08 -0.6741011711697452E-10 0.0326945
0.0414687 0.2784999999998813E+04 -0.1708081545359705E-08 -0.3369628119953252E-10 0.00876327
0.0415312 0.2785000000000000E+04 -0.3214490691278432E-09 0.7443864155707353E-24 0.000948205
0.0415938 0.2785000000000000E+04 0.1793496262447892E-09 0.1755471799959823E-13 -0.00145283
0.0416563 0.2785000000000000E+04 0.4679137770776920E-10 0.2649037407770613E-24 -0.000600647
0.0417187 0.2785000000000000E+04 -0.2060497747815946E-10 0.1815893008615532E-24 -2.57112e-05
0.0417812 0.2785000000000000E+04 -0.1974318059138117E-10 0.1755471799951760E-13 -1.34955e-05
0.0418437 0.2785000000000000E+04 -0.1303330410518267E-10 0.3451224773911069E-24 -6.44437e-05
0.0419062 0.2785000000000396E+04 -0.8213924624625938E-11 0.1125257423751648E-10 0.0112111
0.0419687 0.2785000000000000E+04 -0.6104365758163844E-11 0.4191935011514750E-25 -1.77722e-05
0.0420312 0.2785000000000000E+04 -0.6416069020575007E-11 0.4049072105874699E-25 -2.37951e-05
0.0420937 0.2784999999999604E+04 -0.6425739932796763E-11 -0.1123501951951810E-10 -0.0112634
0.0421562 0.2785000000000000E+04 -0.6585120601915788E-11 0.3432373199274413E-24 -3.29564e-05
0.0422188 0.2785000000000000E+04 -0.5787872783517986E-11 0.1755471799952102E-13 -2.7784e-05
0.0422813 0.2785000000000000E+04 -0.5242062722568391E-11 0.1767534638967827E-24 -3.71793e-05
0.0423437 0.2785000000000000E+04 -0.5137477929760138E-11 0.2270138251043269E-24 -4.06818e-05
0.0424062 0.2785000000000000E+04 -0.5087047719616221E-11 0.1755471799942629E-13 -4.80677e-05
0.0424687 0.2785000000000000E+04 -0.4209971459519301E-11 0.1029493322293809E-24 -4.51979e-05
0.0425313 0.2785000000000000E+04 -0.4675620047259099E-11 0.1755471799942078E-13 -4.61029e-05
0.0425938 0.2785000000000000E+04 -0.4194302167623837E-11 0.2266809154344642E-24 -4.31048e-05
0.0426562 0.2785000000000000E+04 -0.4459151377100107E-11 0.1807086582686303E-24 -4.57898e-05
0.0427187 0.2785000000000000E+04 -0.4727682431688179E-11 0.1755471799952103E-13 -4.70678e-05
0.0427812 0.2785000000000000E+04 -0.4494648242024451E-11 0.3481658376966233E-24 -4.4662e-05
0.0428437 0.2785000000000396E+04 -0.4251226744970273E-11 0.1125257423751648E-10 0.0112252
0.0429062 0.2785000000000000E+04 -0.4170650339379041E-11 0.4148328286654125E-25 -4.66052e-05
0.0429687 0.2785000000000000E+04 -0.4341261336254461E-11 0.4119542668687359E-25 -2.76508e-05
0.0430312 0.2784999999999604E+04 -0.4912395721310551E-11 -0.1123501951951810E-10 -0.0112826
0.0430938 0.2785000000000000E+04 -0.5038703259243317E-11 0.3467095983497772E-24 -4.33894e-05
0.0431563 0.2785000000000000E+04 -0.4257206547649412E-11 0.1755471799952178E-13 -4.86415e-05
0.0432188 0.2785000000000000E+04 -0.4374262248557496E-11 0.1794768348940100E-24 -4.54768e-05
0.0432813 0.2785000000000000E+04 -0.4410162101499590E-11 0.2289023461084763E-24 -4.79498e-05
0.0433437 0.2785000000000000E+04 -0.4320318909040424E-11 0.1755471799942446E-13 -4.84993e-05
0.0434063 0.2785000000000000E+04 -0.4212108563226784E-11 0.9902240191125778E-25 -4.3848e-05
0.0434688 0.2785000000000000E+04 -0.4350154121276131E-11 0.1755471799942065E-13 -3.39729e-05
0.0435313 0.2785000000000000E+04 -0.4359379653619300E-11 0.2307134717314729E-24 -4.60629e-05
0.0435938 0.2785000000000000E+04 -0.4337736116992597E-11 0.1796380164798830E-24 -4.21667e-05
0.0436562 0.2785000000000000E+04 -0.3923679422303768E-11 0.1755471799952241E-13 -4.72379e-05
0.0437188 0.2785000000000000E+04 -0.4256952294860710E-11 0.3512311904854082E-24 -4.58276e-05
0.0437813 0.2785000000000396E+04 -0.4505752906972906E-11 0.1125257423751648E-10 0.011224
0.0438437 0.2785000000000000E+04 -0.4211332934673399E-11 0.3988992529340554E-25 -4.44768e-05
0.0439062 0.2785000000000000E+04 -0.4244779960634535E-11 0.4126704987502092E-25 -4.40885e-05
0.0439687 0.2784999999999604E+04 -0.4398586711905618E-11 -0.1123501951951810E-10 -0.0112801
0.0440313 0.2785000000000000E+04 -0.4463321723798690E-11 0.3474284190146571E-24 -4.42931e-05
0.0440938 0.2785000000000000E+04 -0.3772895504639248E-11 0.1755471799952374E-13 -4.61515e-05
0.0441563 0.2785000000000000E+04 -0.4418875170329363E-11 0.1805989082994941E-24 -4.44976e-05
0.0442188 0.2785000000000000E+04 -0.4189329624473208E-11 0.2294378158268329E-24 -4.59856e-05
0.0442812 0.2785000000000000E+04 -0.4305013387981318E-11 0.1755471799942410E-13 -4.65841e-05
0.0443438 0.2785000000000000E+04 -0.4488096759507309E-11 0.9857229141672282E-25 -4.33688e-05
0.0444063 0.2785000000000000E+04 -0.4383747473792187E-11 0.1755471799942299E-13 -4.91093e-05
0.0444688 0.2785000000000000E+04 -0.4296576637544841E-11 0.2314133412682310E-24 -4.75494e-05
0.0445313 0.2785000000000000E+04 -0.4402783496739023E-11 0.1823801973584186E-24 -4.47796e-05
0.0445937 0.2785000000000000E+04 -0.4188522606437982E-11 0.1755471799952341E-13 -4.83141e-05
0.0446563 0.2785000000000000E+04 -0.4919798653242676E-11 0.3514722884348119E-24 -4.58752e-05
0.0447188 0.2785000000000396E+04 -0.4858456633882777E-11 0.1125257423751648E-10 0.0112238
0.0447812 0.2785000000000000E+04 -0.4787353672409148E-11 0.3809151897924433E-25 -4.30019e-05
0.0448437 0.2785000000000000E+04 -0.5345581133964356E-11 0.3997255028700452E-25 -4.26297e-05
0.0449062 0.2784999999999604E+04 -0.4314376404421567E-11 -0.1123501951951810E-10 -0.0112818
0.0449688 0.2785000000000000E+04 -0.5152147361340899E-11 0.3473419770774804E-24 -4.36894e-05
0.0450313 0.2785000000000000E+04 -0.4441046923563109E-11 0.1755471799952315E-13 -4.82455e-05
0.0450938 0.2785000000000000E+04 -0.4341433998304976E-11 0.1821811373757191E-24 -4.39965e-05
0.0451563 0.2785000000000000E+04 -0.4426944276804550E-11 0.2277436502151613E-24 -4.83132e-05
0.0452187 0.2785000000000000E+04 -0.5185643543289404E-11 0.1755471799942466E-13 -4.99839e-05
0.0452813 0.2785000000000000E+04 -0.4784232580605935E-11 0.9632310730778085E-25 -4.34215e-05
0.0453438 0.2785000000000000E+04 -0.4818578066592815E-11 0.1755471799942210E-13 -4.74444e-05
0.0454063 0.2785000000000000E+04 -0.4456066351405847E-11 0.2292244954242464E-24 -4.58001e-05
0.0454688 0.2785000000000000E+04 -0.4897992135568113E-11 0.1825477861231455E-24 -4.25746e-05
0.0455312 0.2785000000000000E+04 -0.4560601187181893E-11 0.1755471799952257E-13 -3.51462e-05
0.0455938 0.2785000000000000E+04 -0.5055596869766566E-11 0.3483850043990630E-24 -4.44693e-05
0.0456562 0.2785000000000396E+04 -0.4801478138696965E-11 0.1125257423751648E-10 0.0112146
0.0457187 0.2785000000000000E+04 -0.4387014717753810E-11 0.3816854423743381E-25 -4.39485e-05
0.0457812 0.2785000000000000E+04 -0.4712500503752052E-11 0.4029247023464124E-25 -4.45081e-05
0.0458437 0.2784999999999604E+04 -0.6250315996877266E-11 -0.1123501951951810E-10 -0.01128
0.0459063 0.2785000000000000E+04 -0.5021989625243470E-11 0.3473279406878898E-24 -4.28168e-05
0.0459688 0.2785000000000000E+04 -0.5016927968437880E-11 0.1755471799952239E-13 -4.89637e-05
0.0460313 0.2785000000000000E+04 -0.5097973034554552E-11 0.1785386564482100E-24 -4.37084e-05
0.0460938 0.2785000000000000E+04 -0.5058142554193548E-11 0.2280793817588904E-24 -4.37686e-05
0.0461562 0.2785000000000000E+04 -0.5316262418595375E-11 0.1755471799942255E-13 -4.98376e-05
0.0462188 0.2785000000000000E+04 -0.5217417695656342E-11 0.9986634547331418E-25 -4.33943e-05
0.0462813 0.2785000000000000E+04 -0.5239612824545279E-11 0.1755471799942091E-13 -5.01072e-05
0.0463438 0.2785000000000000E+04 -0.5121130358202351E-11 0.2276259603425596E-24 -4.40298e-05
0.0464063 0.2785000000000000E+04 -0.5232623514111357E-11 0.1784252030359134E-24 -4.6138e-05
0.0464687 0.2785000000000000E+04 -0.5415384279786192E-11 0.1755471799952202E-13 -4.8865e-05
0.0465313 0.2785000000000000E+04 -0.4574770361103282E-11 0.3464351348330359E-24 -4.59737e-05
0.0465937 0.2785000000000396E+04 -0.6017262921715848E-11 0.1125257423751648E-10 0.0112112
0.0466562 0.2785000000000000E+04 -0.5376379144204930E-11 0.3850213442405694E-25 -4.53264e-05
0.0467187 0.2785000000000000E+04 -0.4898365749643743E-11 0.3883615609260272E-25 -5.11071e-05
0.0467812 0.2784999999999604E+04 -0.6117248626732244E-11 -0.1123501951951810E-10 -0.0112882
0.0468438 0.2785000000000000E+04 -0.5983548790469004E-11 0.3428507830036205E-24 -4.30014e-05
0.0469063 0.2785000000000000E+04 -0.6018361859439849E-11 0.1755471799951983E-13 -4.79685e-05
0.0469688 0.2785000000000000E+04 -0.5174623819737797E-11 0.1780279393882788E-24 -4.53067e-05
0.0470312 0.2785000000000000E+04 -0.6119048308070703E-11 0.2212446329414766E-24 -4.6837e-05
0.0470937 0.2785000000000000E+04 -0.5859556202619463E-11 0.1755471799941609E-13 -4.88695e-05
0.0471563 0.2785000000000000E+04 -0.6171294427588591E-11 0.9982419996160680E-25 -4.60844e-05
0.0472188 0.2785000000000000E+04 -0.5997575334999537E-11 0.1755471799941985E-13 -5.39622e-05
0.0472813 0.2785000000000000E+04 -0.5719266868473446E-11 0.2178361503450070E-24 -4.44857e-05
0.0473437 0.2785000000000000E+04 -0.6202488715042034E-11 0.1705446746564795E-24 -5.1686e-05
0.0474062 0.2785000000000000E+04 -0.6002358499816560E-11 0.1755471799951985E-13 -5.98249e-05
0.0474688 0.2785000000000000E+04 -0.6371150294253014E-11 0.3417215016913960E-24 -5.01014e-05
0.0475312 0.2785000000000396E+04 -0.8248840643687715E-11 0.1125257423751646E-10 0.0111833
0.0475937 0.2785000000000000E+04 -0.6099299276914234E-11 0.3149586283141206E-25 -6.97603e-05
0.0476562 0.2785000000000000E+04 -0.6390686578290895E-11 0.3976847677343195E-25 -8.3625e-05
0.0477187 0.2784999999999604E+04 -0.6052902537056114E-11 -0.1123501951951811E-10 -0.0113137
0.0477813 0.2785000000000000E+04 -0.6191966067791140E-11 0.3266361021589543E-24 -7.93065e-05
0.0478438 0.2785000000000000E+04 -0.4241249550594182E-11 0.1755471799950537E-13 -8.54172e-05
0.0479063 0.2785000000000000E+04 0.9948332072783385E-12 0.1754916808705485E-24 -0.00014597
0.0479687 0.2785000000000000E+04 0.5248074416448135E-11 0.1755471799945483E-13 -0.000172921
0.0480313 0.2785000000000000E+04 0.7124042693645904E-11 0.1409108032764653E-24 -0.000217321
0.0480938 0.2785000000000000E+04 0.6785414667707771E-11 0.9644214012643134E-25 -0.000219947
0.0481563 0.2785000000000000E+04 0.8192827553793436E-11 0.1755471799941431E-13 -0.000205639
0.0482188 0.2785000000000000E+04 0.9129716369333018E-11 0.1861977693218330E-24 -0.000221914
0.0482812 0.2785000000000000E+04 0.7918872427276008E-11 0.1755471799940819E-13 -0.000204176
0.0483438 0.2785000000000000E+04 0.4018475451594114E-11 0.2865952538287700E-24 -0.000181075
0.0484063 0.2785000000000000E+04 0.1222681185066618E-11 0.3741064287800709E-24 -0.000153872
0.0484687 0.2785000000000396E+04 -0.3432501889926141E-11 0.1125257423751672E-10 0.0111467
0.0485312 0.2785000000000000E+04 -0.5741295153884456E-11 0.1173991606845857E-24 -8.5725e-05
0.0485937 0.2784999999999604E+04 -0.8155375979560280E-11 -0.1123501951951788E-10 -0.0112897
0.0486563 0.2785000000000000E+04 -0.8475766414679787E-11 0.3625104151815505E-24 -7.66792e-05
0.0487188 0.2785000000000000E+04 -0.7251244868814762E-11 0.2897277242245989E-24 -6.34639e-05
0.0487813 0.2785000000000000E+04 -0.6556058702087099E-11 0.1755471799939948E-13 -5.52046e-05
0.0488438 0.2785000000000000E+04 -0.6986777303706975E-11 0.1436073190399711E-24 -5.9005e-05
0.0489062 0.2785000000000000E+04 -0.6421655165636051E-11 0.1755471799940002E-13 -5.27915e-05
0.0489688 0.2785000000000000E+04 -0.7135799119045851E-11 0.9779068625174312E-25 -6.19522e-05
0.0490312 0.2785000000000000E+04 -0.6048383028630308E-11 0.9273337942195085E-25 -6.05211e-05
0.0490938 0.2785000000000000E+04 -0.6094099260554247E-11 0.1755471799938628E-13 -5.93526e-05
0.0491563 0.2785000000000000E+04 -0.6028444795102390E-11 0.1348186442257476E-24 -4.77002e-05
0.0492187 0.2785000000000000E+04 -0.6027101727178722E-11 0.1755471799939707E-13 -5.38608e-05
0.0492813 0.2785000000000000E+04 -0.5471631327912113E-11 0.2759545044464631E-24 -4.27384e-05
0.0493437 0.2785000000000000E+04 -0.5828835879705986E-11 0.3377029614460164E-24 -4.42928e-05
0.0494062 0.2785000000000396E+04 -0.4993210908138932E-11 0.1125257423751670E-10 0.0112225
0.0494687 0.2785000000000000E+04 -0.6245619807915177E-11 0.1098053045828170E-24 -4.50528e-05
0.0495312 0.2784999999999604E+04 -0.6868804858651769E-11 -0.1123501951951790E-10 -0.0112804
0.0495938 0.2785000000000000E+04 -0.5912007298952245E-11 0.3255005398633288E-24 -6.12164e-05
0.0496562 0.2785000000000000E+04 -0.6340933466275505E-11 0.2573642517313966E-24 -4.35719e-05
0.0497188 0.2785000000000000E+04 -0.5270029635754359E-11 0.1755471799938485E-13 -5.02243e-05
0.0497813 0.2785000000000000E+04 -0.5155493701741775E-11 0.1123050584482771E-24 -6.20559e-05
0.0498437 0.2785000000000000E+04 -0.4906729210779136E-11 0.1755471799931652E-13 -5.65623e-05
0.0499063 0.2785000000000000E+04 -0.4533331425138169E-11 0.8530841289713278E-25 -5.46694e-05
0.0499687 0.2785000000000000E+04 -0.5260206946872952E-11 0.2550014890885530E-24 -5.0333e-05
