  0.103250254664323       0.135772961859785       0.999998208155459     
  0.105750359929967       0.142590258483407        1.00055711908183     
  0.108250464371632       0.149406115170047        1.00112603360429     
  0.110750567976657       0.156218117998514        1.00170488542415     
  0.113250670732912       0.163023818060121        1.00229359722567     
  0.115750772628770       0.169820732619077        1.00289208042101     
  0.118250873653110       0.176606346308363        1.00350023489894     
  0.120750973795302       0.183378112423264        1.00411794878813     
  0.123251073045179       0.190133454294788        1.00474509823336     
  0.125751171393046       0.196869766705458        1.00538154717901     
  0.128251268829668       0.203584417416790        1.00602714717259     
  0.130751365346255       0.210274748753980        1.00668173717995     
  0.133251460934462       0.216938079266269        1.00734514341645     
  0.135751555586371       0.223571705467016        1.00801717919571     
  0.138251649294494       0.230172903634943        1.00869764479395     
  0.140751742051741       0.236738931709112        1.00938632733681     
  0.143251833851418       0.243267031225352        1.01008300070078     
  0.145751924687207       0.249754429340172        1.01078742543840     
  0.148252014553155       0.256198340913974        1.01149934872379     
  0.150752103443664       0.262595970658499        1.01221850431999     
  0.153252191353485       0.268944515343343        1.01294461256871     
  0.155752278277708       0.275241166072167        1.01367738040544     
  0.158252364211756       0.281483110604093        1.01441650139650     
  0.160752449151376       0.287667535740969        1.01516165580329     
  0.163252533092627       0.293791629759137        1.01591251067117     
  0.165752616031859       0.299852584892814        1.01666871994539     
  0.168252697965703       0.305847599854651        1.01742992461280     
  0.170752778891060       0.311773882399813        1.01819575287152     
  0.173252858805090       0.317628651925178        1.01896582032818     
  0.175752937705201       0.323409142103598        1.01973973022379     
  0.178253015589049       0.329112603537568        1.02051707368608     
  0.180753092454519       0.334736306450513        1.02129743001325     
  0.183253168299726       0.340277543382004        1.02208036698327     
  0.185753243123006       0.345733631907738        1.02286544119401     
  0.188253316922898       0.351101917365142        1.02365219843119     
  0.190753389698143       0.356379775578832        1.02444017406401     
  0.193253461447664       0.361564615595114        1.02522889347122     
  0.195753532170552       0.366653882395824        1.02601787249224     
  0.198253601866058       0.371645059609967        1.02680661790795     
  0.200753670533581       0.376535672199938        1.02759462794702     
  0.203253738172663       0.381323289130797        1.02838139282003     
  0.205753804782990       0.386005526002888        1.02916639527791     
  0.208253870364404       0.390580047651916        1.02994911119567     
  0.210753934916918       0.395044570712613        1.03072901018097     
  0.213253998440743       0.399396866134964        1.03150555620439     
  0.215754060936293       0.403634761661292        1.03227820825323     
  0.218254122404189       0.407756144246887        1.03304642100488     
  0.220754182845225       0.411758962432418        1.03380964552217     
  0.223254242260309       0.415641228645328        1.03456732996439     
  0.225754300650175       0.419401021546156        1.03531892032073     
  0.228254358014190       0.423036488685095        1.03606386116769     
  0.230754414348513       0.426545848938441        1.03680159643911     
  0.233254469658824       0.429927386160145        1.03753156997495     
  0.235754523946956       0.433179465940613        1.03825322669337     
  0.238254577211806       0.436300529277053        1.03896601317268     
  0.240754629453570       0.439289092342425        1.03966937839340     
  0.243254680672995       0.442143750924469        1.04036277461542     
  0.245754730870988       0.444863181702244        1.04104565818062     
  0.248254780048393       0.447446143527525        1.04171749031751     
  0.250754828205941       0.449891478583224        1.04237773794549     
  0.253254875344360       0.452198113439955        1.04302587447680     
  0.255754921464386       0.454365060140675        1.04366138061870     
  0.258254966566701       0.456391417154410        1.04428374516835     
  0.260755010651937       0.458276370130383        1.04489246579769     
  0.263255053720688       0.460019192553913        1.04548704982865     
  0.265755095773517       0.461619246301869        1.04606701499670     
  0.268255136810974       0.463075982049529        1.04663189019941     
  0.270755176833251       0.464388939783286        1.04718121623731     
  0.273255215840957       0.465557748312635        1.04771454650672     
  0.275755253834738       0.466582125992702        1.04823144771844     
  0.278255290814951       0.467461880615434        1.04873150057045     
  0.280755326781895       0.468196908882355        1.04921430038861     
  0.283255361735804       0.468787196220905        1.04967945775736     
  0.285755395676832       0.469232816344513        1.05012659911983     
  0.288255428605033       0.469533930690585        1.05055536735032     
  0.290755460520363       0.469690787733139        1.05096542229644     
  0.293255491422674       0.469703722188423        1.05135644129181     
  0.295755521311705       0.469573154112672        1.05172811963687     
  0.298255550187054       0.469299587899223        1.05208017104650     
  0.300755578048151       0.468883611154556        1.05241232806388     
  0.303255604894253       0.468325893464066        1.05272434243897     
  0.305755630724472       0.467627185047651        1.05301598547041     
  0.308255655537816       0.466788315339507        1.05328704831218     
  0.310755679333195       0.465810191494393        1.05353734224375     
  0.313255702109496       0.464693796754257        1.05376669890048     
  0.315755723865312       0.463440188973102        1.05397497047523     
  0.318255744599203       0.462050498544877        1.05416202986262     
  0.320755764309581       0.460525926796655        1.05432777078474     
  0.323255782994713       0.458867744020029        1.05447210786720     
  0.325755800652698       0.457077287517712        1.05459497668125     
  0.328255817281457       0.455155959578161        1.05469633374490     
  0.330755832878711       0.453105225398640        1.05477615648868     
  0.333255847441980       0.450926610949650        1.05483444318195     
  0.335755860968592       0.448621700794249        1.05487121282270     
  0.338255873455704       0.446192135866460        1.05488650499033     
  0.340755884900330       0.443639611225647        1.05488037966559     
  0.343255895299370       0.440965873770364        1.05485291701039     
  0.345755904649633       0.438172719947501        1.05480421711931     
  0.348255912947851       0.435261993426365        1.05473439973208     
  0.350755920190908       0.432235582644733        1.05464360387900     
  0.353255926373018       0.429095420198834        1.05453198808339     
  0.355755931494479       0.425843473869732        1.05439972788680     
  0.358255935549219       0.422481756385351        1.05424701928603     
  0.360755938533546       0.419012310953592        1.05407407445871     
  0.363255940443330       0.415437215514070        1.05388112340038     
  0.365755941274221       0.411758578673261        1.05366841289278     
  0.368255941021646       0.407978537496953        1.05343620603587     
  0.370755939680808       0.404099255210855        1.05318478172336     
  0.373255937246702       0.400122918903671        1.05291443409233     
  0.375755933714120       0.396051737274273        1.05262547195983     
  0.378255929077676       0.391887938391865        1.05231821823742     
  0.380755923331828       0.387633767498268        1.05199300933303     
  0.383255916470899       0.383291484845477        1.05165019453852     
  0.385755908489206       0.378863363512054        1.05129013540350     
  0.388255899380783       0.374351687534979        1.05091320510698     
  0.390755889139685       0.369758749553567        1.05051978780290     
  0.393255877759817       0.365086849065804        1.05011027797667     
  0.395755865234930       0.360338290387652        1.04968507978453     
  0.398255851558675       0.355515380716142        1.04924460639040     
  0.400755836724606       0.350620428302907        1.04878927930156     
  0.403255820726197       0.345655740647789        1.04831952770192     
  0.405755803556826       0.340623622765578        1.04783578778632     
  0.408255785209735       0.335526375505476        1.04733850209577     
  0.410755765677993       0.330366293911072        1.04682811885486     
  0.413255744954471       0.325145665629426        1.04630509131350     
  0.415755723031833       0.319866769377151        1.04576987709350     
  0.418255699902537       0.314531873467747        1.04522293754173     
  0.420755675558840       0.309143234396690        1.04466473709162     
  0.423255649992827       0.303703095478882        1.04409574263289     
  0.425755623196453       0.298213685546301        1.04351642289114     
  0.428255595161570       0.292677217720151        1.04292724781948     
  0.430755565879937       0.287095888245577        1.04232868800161     
  0.433255535343148       0.281471875406576        1.04172121406863     
  0.435755503542576       0.275807338462069        1.04110529612810     
  0.438255470469969       0.270104416305635        1.04048140319719     
  0.440755436116857       0.264365227120946        1.03985000268061     
  0.443255400474682       0.258591867125364        1.03921155983304     
  0.445755363534875       0.252786409754461        1.03856653725109     
  0.448255325288849       0.246950904923260        1.03791539438212     
  0.450755285728005       0.241087378289623        1.03725858704907     
  0.453255244843742       0.235197830574498        1.03659656699311     
  0.455755202627465       0.229284236935936        1.03592978143465     
  0.458255159070593       0.223348546394665        1.03525867265277     
  0.460755114164589       0.217392681296126        1.03458367758279     
  0.463255067901002       0.211418536827518        1.03390522743324     
  0.465755020271447       0.205427980614502        1.03322374732279     
  0.468254971267560       0.199422852348274        1.03253965593574     
  0.470754920881077       0.193404963386570        1.03185336519474     
  0.473254869103831       0.187376096488751        1.03116527995559     
  0.475754815927566       0.181338005652867        1.03047579772221     
  0.478254761344075       0.175292415738893        1.02978530837454     
  0.480754705345582       0.169241022183647        1.02909419391645     
  0.483254647925682       0.163185490597579        1.02840282824074     
  0.485754589078879       0.157127457331260        1.02771157693372     
  0.488254528792824       0.151068532759705        1.02702079715582     
  0.490754467060634       0.145010291957775        1.02633083725267     
  0.493254403879408       0.138954281125980        1.02564203675296     
  0.495754339242854       0.132902020274577        1.02495472628003     
  0.498254273144046       0.126854998632269        1.02426922732613     
  0.500754205576382       0.120814675566023        1.02358585216633     
  0.503254136533654       0.114782481103683        1.02290490377813     
  0.505754066010063       0.108759816093790        1.02222667576795     
  0.508253994000252       0.102748052365113        1.02155145231324     
  0.510753920499325       9.674853291431719E-002   1.02087950811969     
  0.513253845502880       9.076257211185944E-002   1.02021110839194     
  0.515753769007008       8.479145594050921E-002   1.01954650882053     
  0.518253691008307       7.883644224111619E-002   1.01888595558029     
  0.520753611503882       7.289876098127103E-002   1.01822968534315     
  0.523253530491353       6.697961453658856E-002   1.01757792530318     
  0.525753447968864       6.108017798718325E-002   1.01693089321358     
  0.528253363935108       5.520159942990634E-002   1.01628879743552     
  0.530753278389341       4.934500030403821E-002   1.01565183699768     
  0.533253191331409       4.351147573230761E-002   1.01502020166689     
  0.535753102761775       3.770209487235522E-002   1.01439407202845     
  0.538253012681541       3.191790128098462E-002   1.01377361957629     
  0.540752921092488       2.615991328407001E-002   1.01315900681131     
  0.543252827997097       2.042912436306149E-002   1.01255038734948     
  0.545752733398592       1.472650354336003E-002   1.01194790603671     
  0.548252637300960       9.052995797654293E-003   1.01135169907247     
  0.550752539708985       3.409522447832613E-003   1.01076189413895     
  0.553252440628274       2.203018418894072E-003   1.01017861053826     
  0.555752340065284       7.783751536211802E-003   1.00960195933434     
  0.558252238027357       1.333182403834455E-002   1.00903204350068     
  0.560752134522746       1.884640503142771E-002   1.00846895807421     
  0.563252029560634       2.432668516577062E-002   1.00791279031297     
  0.565751923151175       2.977187620761486E-002   1.00736361985756     
  0.568251815305512       3.518121060385592E-002   1.00682151889735     
  0.570751706035810       4.055394104806594E-002   1.00628655233967     
  0.573251595355274       4.588934004405906E-002   1.00575877798206     
  0.575751483278184       5.118669947373313E-002   1.00523824668659     
  0.578251369819909       5.644533015578515E-002   1.00472500255786     
  0.580751254996943       6.166456141874600E-002   1.00421908312053     
  0.583251138826921       6.684374065823290E-002   1.00372051950136     
  0.585751021328653       7.198223291482631E-002   1.00322933660887     
  0.588250902522131       7.707942042930047E-002   1.00274555331828     
  0.590750782428570       8.213470223032726E-002   1.00226918265169     
  0.593250661070401       8.714749369006351E-002   1.00180023196452     
  0.595750538471322       9.211722612009894E-002   1.00133870312561     
  0.598250414656290       9.704334633410037E-002   1.00088459270319     
  0.600750289651568       0.101925316248576        1.00043789214449     
  0.603250163484692       0.106762612442057       0.999998587962028     
  0.605750036184560       0.111554725790575       0.999566661907238     
  0.608249907781364       0.116301161006473       0.999142091158848     
  0.610749778306680       0.121001436293347       0.998724848492533     
  0.613249647793422       0.125655082905126       0.998314902464837     
  0.615749516275921       0.130261644796137       0.997912217582150     
  0.618249383789937       0.134820678213422       0.997516754477509     
  0.620749250372761       0.139331751343986       0.997128470080346     
  0.623249116063254       0.143794443921814       0.996747317784415     
  0.625748980901252       0.148208346633975       0.996373247615012     
  0.628248844926251       0.152573060524060       0.996006206387336     
  0.630748708180119       0.156888197995710       0.995646137880555     
  0.633248570707381       0.161153381626961       0.995292982987353     
  0.635748432553802       0.165368243248722       0.994946679871503     
  0.638248293766300       0.169532424057622       0.994607164117245     
  0.640748154392911       0.173645574296006       0.994274368886755     
  0.643248014482942       0.177707352984649       0.993948225060596     
  0.645747874087011       0.181717427560666       0.993628661385738     
  0.648247733257048       0.185675473543574       0.993315604616649     
  0.650747592046268       0.189581174217348       0.993008979652965     
  0.653247450509121       0.193434220313448       0.992708709675275     
  0.655747308701327       0.197234309739954       0.992414716273629     
  0.658247166679771       0.200981147243611       0.992126919581419     
  0.660747024502515       0.204674444156028       0.991845238396964     
  0.663246882228773       0.208313918103457       0.991569590306753     
  0.665746739918830       0.211899292711593       0.991299891807110     
  0.668246597634015       0.215430297354541       0.991036058418078     
  0.670746455436671       0.218906666889065       0.990778004796776     
  0.673246313390127       0.222328141397963       0.990525644847262     
  0.675746171558561       0.225694465907720       0.990278891830765     
  0.678246030007079       0.229005390205514       0.990037658462743     
  0.680745888801545       0.232260668528237       0.989801857021421     
  0.683245748008594       0.235460059382397       0.989571399439961     
  0.685745607695562       0.238603325293626       0.989346197403840     
  0.688245467930407       0.241690232580954       0.989126162443307     
  0.690745328781653       0.244720551150944       0.988911206021556     
  0.693245190318360       0.247694054295925       0.988701239620396     
  0.695745052609970       0.250610518450954       0.988496174827796     
  0.698244915726320       0.253469723050679       0.988295923413485     
  0.700744779737521       0.256271450294888       0.988100397411562     
  0.703244644713925       0.259015484990404       0.987909509193625     
  0.705744510725995       0.261701614341146       0.987723171544947     
  0.708244377844329       0.264329627821883       0.987541297730917     
  0.710744246139472       0.266899316944286       0.987363801571465     
  0.713244115681989       0.269410475174145       0.987190597499897     
  0.715743986542259       0.271862897690587       0.987021600633995     
  0.718243858790482       0.274256381297830       0.986856726831827     
  0.720743732496549       0.276590724239150       0.986695892754483     
  0.723243607729963       0.278865726073595       0.986539015921934     
  0.725743484559750       0.281081187536248       0.986386014768881     
  0.728243363054365       0.283236910409627       0.986236808698417     
  0.730743243281678       0.285332697424302       0.986091318131764     
  0.733243125308815       0.287368352097557       0.985949464561667     
  0.735743009202136       0.289343678663177       0.985811170596706     
  0.738242895027133       0.291258481939017       0.985676360009242     
  0.740742782848329       0.293112567230350       0.985544957779284     
  0.743242672729171       0.294905740229842       0.985416890137730     
  0.745742564731930       0.296637806930927       0.985292084607753     
  0.748242458917615       0.298308573548935       0.985170470044925     
  0.750742355345908       0.299917846445251       0.985051976676277     
  0.753242254075117       0.301465432063067       0.984936536137446     
  0.755742155162144       0.302951136861271       0.984824081508950     
  0.758242058662445       0.304374767250632       0.984714547351217     
  0.760741964629984       0.305736129537216       0.984607869738089     
  0.763241873117179       0.307035029868755       0.984503986289465     
  0.765741784174837       0.308271274184788       0.984402836202882     
  0.768241697852084       0.309444668180235       0.984304360283763     
  0.770741614196270       0.310555017261172       0.984208500975651     
  0.773241533252906       0.311602126527048       0.984115202388289     
  0.775741455065561       0.312585800739801       0.984024410326246     
  0.778241379675814       0.313505844319916       0.983936072315440     
  0.780741307123194       0.314362061335248       0.983850137629949     
  0.783241237445117       0.315154255494749       0.983766557318234     
  0.785741170676880       0.315882230165435       0.983685284227563     
  0.788241106851637       0.316545788378091       0.983606273028955     
  0.790741046000400       0.317144732843253       0.983529480241159     
  0.793240988152037       0.317678865974776       0.983454864253793     
  0.795740933333261       0.318147989911110       0.983382385350328     
  0.798240881568602       0.318551906544745       0.983312005730156     
  0.800740832880364       0.318890417554875       0.983243689530465     
  0.803240787288560       0.319163324451128       0.983177402847962     
  0.805740744810949       0.319370428648367       0.983113113759686     
  0.808240705463068       0.319511531527819       0.983050792344918     
  0.810740669258317       0.319586434514935       0.982990410705443     
  0.813240636207982       0.319594939135675       0.982931942985486     
  0.815740606321191       0.319536847076497       0.982875365390862     
  0.818240579604831       0.319411960260602       0.982820656208611     
  0.820740556063517       0.319220080955364       0.982767795826471     
  0.823240535699566       0.318961011873571       0.982716766752037     
  0.825740518512797       0.318634556233899       0.982667553630955     
  0.828240504500094       0.318240517812271       0.982620143263266     
  0.830740493654714       0.317778700994082       0.982574524620724     
  0.833240485965613       0.317248910907442       0.982530688864656     
  0.835740481417283       0.316650953703191       0.982488629367437     
  0.838240479990437       0.315984636929593       0.982448341736783     
  0.840740481658928       0.315249768656324       0.982409823806755     
  0.843240486376303       0.314446154793336       0.982373075583822     
  0.845740494249545       0.313573650598701       0.982338100566494     
  0.848240505180376       0.312632014824237       0.982304902050467     
  0.850740519182182       0.311621095263126       0.982273487841787     
  0.853240536225234       0.310540699453693       0.982243867225037     
  0.855740556307820       0.309390656981134       0.982216051647010     
  0.858240579382930       0.308170779883828       0.982190055361672     
  0.860740605419291       0.306880899943118       0.982165894748481     
  0.863240634401040       0.305520852013860       0.982143588821481     
  0.865740666223970       0.304090445498221       0.982123158212061     
  0.868240700885401       0.302589546185863       0.982104627376824     
  0.870740738369535       0.301017991921298       0.982088022367976     
  0.873240778650731       0.299375625603404       0.982073371715957     
  0.875740821698717       0.297662296014106       0.982060706455818     
  0.878240867479460       0.295877856899264       0.982050060107461     
  0.880740915955752       0.294022167191655       0.982041468686157     
  0.883240967088010       0.292095091379736       0.982034970714645     
  0.885741020834919       0.290096499788217       0.982030607232848     
  0.888241077153721       0.288026268808160       0.982028421804920     
  0.890741136000322       0.285884281185837       0.982028460526841     
  0.893241197329460       0.283670426393728       0.982030772034690     
  0.895741261094962       0.281384601017418       0.982035407512334     
  0.898241327249969       0.279026709120973       0.982042420697097     
  0.900741395747034       0.276596662593139       0.982051867883485     
  0.903241466538087       0.274094381506111       0.982063807926083     
  0.905741539574411       0.271519794521608       0.982078302241220     
  0.908241614806610       0.268872839307110       0.982095414809084     
  0.910741692184687       0.266153462994785       0.982115212172564     
  0.913241771658106       0.263361622614475       0.982137763435924     
  0.915741853175850       0.260497285544447       0.982163140260621     
  0.918241936686449       0.257560429963802       0.982191416859864     
  0.920742022138033       0.254551045329368       0.982222669990838     
  0.923242109478356       0.251469132854590       0.982256978945872     
  0.925742198654864       0.248314706013171       0.982294425540648     
  0.928242289614744       0.245087791041884       0.982335094100944     
  0.930742382304998       0.241788427462633       0.982379071446320     
  0.933242476672489       0.238416668602099       0.982426446872139     
  0.935742572664004       0.234972582135264       0.982477312128125     
  0.938242670226296       0.231456250627857       0.982531761394963     
  0.940742769306120       0.227867772093037       0.982589891257821     
  0.943242869850276       0.224207260562882       0.982651800676671     
  0.945742971805642       0.220474846666496       0.982717590953790     
  0.948243075119198       0.216670678213887       0.982787365698411     
  0.950743179738062       0.212794920802004       0.982861230787226     
  0.953243285609531       0.208847758421680       0.982939294321945     
  0.955743392681119       0.204829394077195       0.983021666583075     
  0.958243500900603       0.200740050411868       0.983108459979995     
  0.960743610216072       0.196579970347398       0.983199788996712     
  0.963243720575972       0.192349417722914       0.983295770133994     
  0.965743831929155       0.188048677947255       0.983396521846883     
  0.968243944224921       0.183678058653909       0.983502164477880     
  0.970744057413051       0.179237890362898       0.983612820185669     
  0.973244171443835       0.174728527147729       0.983728612869001     
  0.975744286268077       0.170150347305810       0.983849668085996     
  0.978244401837132       0.165503754045045       0.983976112967573     
  0.980744518102881       0.160789176152417       0.984108076127652     
  0.983244635017770       0.156007068699638       0.984245687565820     
  0.985744752534855       0.151157913737610       0.984389078565592     
  0.988244870607777       0.146242220965693       0.984538381589782     
  0.990744989190863       0.141260528467995       0.984693730164054     
  0.993245108239187       0.136213403394622       0.984855258758924     
  0.995745227708505       0.131101442612074       0.985023102668083     
  0.998245347555381       0.125925273461637       0.985197397870875     
   1.00074546773702       0.120685554347329       0.985378280903753     
   1.00324558821139       0.115382975516781       0.985565888708390     
   1.00574570893707       0.110018259659091       0.985760358489955     
   1.00824582987341       0.104592162675537       0.985961827552725     
   1.01074595098040       9.910547424787589E-002  0.986170433147075     
   1.01324607221884       9.355901861373206E-002  0.986386312289153     
   1.01574619355019       8.795365509050203E-002  0.986609601596766     
   1.01824631493678       8.229027885003014E-002  0.986840437093085     
   1.02074643634158       7.656982139000144E-002  0.987078954031944     
   1.02324655772843       7.079325129527043E-002  0.987325286686645     
   1.02574667906183       6.496157470525514E-002  0.987579568159663     
   1.02824680030712       5.907583599395083E-002  0.987841930162523     
   1.03074692143034       5.313711826570889E-002  0.988112502805921     
   1.03324704239826       4.714654391456734E-002  0.988391414374440     
   1.03574716317848       4.110527518078249E-002  0.988678791092572     
   1.03824728373928       3.501451457739323E-002  0.988974756895291     
   1.04074740404973       2.887550542472211E-002  0.989279433178374     
   1.04324752407962       2.268953225357572E-002  0.989592938552917     
   1.04574764379953       1.645792124759323E-002  0.989915388586672     
   1.04824776318070       1.018204056977396E-002  0.990246895548843     
   1.05074788219518       3.863300813737644E-003  0.990587568130892     
   1.05324800081571       2.496844789871512E-003  0.990937511186086     
   1.05574811901572       8.896900031778456E-003  0.991296825443933     
   1.05824823676939       1.533532548122088E-002  0.991665607226283     
   1.06074835405158       2.181053831448551E-002  0.992043948162575     
   1.06324847083787       2.832091212546595E-002  0.992431934893324     
   1.06574858710455       3.486477683167114E-002  0.992829648775484     
   1.06824870282856       4.144041862216064E-002  0.993237165584017     
   1.07074881798756       4.804607989498514E-002  0.993654555202264     
   1.07324893255986       5.467995931861271E-002  0.994081881318874     
   1.07574904652445       6.134021191832788E-002  0.994519201119062     
   1.07824915986100       6.802494917908820E-002  0.994966564968848     
   1.08074927254982       7.473223929123556E-002  0.995424016109719     
   1.08324938457187       8.146010735536169E-002  0.995891590338649     
   1.08574949590871       8.820653574231951E-002  0.996369315699826     
   1.08824960654247       9.496946443379185E-002  0.996857212168701     
   1.09074971645605       0.101746791364630       0.997355291340507     
   1.09324982563295       0.108536373089445       0.997863556120558     
   1.09574993405724       0.115336025285757       0.998382000417159     
   1.09825004171356       0.122143523366656       0.998910608835248     
   1.10075014858707       0.128956603205010       0.999449356380336     
   1.10325025466351       0.135772961858706       0.999998208155458     
