 variables=x,density,velocity,pressure,SXX
   0.7166042315997989E-01     0.2786459792354921E+04    -0.7567792195562013E+01     0.6644450122067107E-01     0.1789871850764932E+00
   0.8415941718857677E-01     0.2783989599976656E+04    -0.4438898813596445E+01     0.3073570163014921E-01     0.1994956126552275E+00
   0.9666456258615294E-01     0.2783718567453701E+04    -0.4439973482607796E+01     0.3043983843676694E-01     0.1991924424604316E+00
   0.1091706933651817E+00     0.2783550901685539E+04    -0.4439655309636167E+01     0.3016412465320176E-01     0.1989312852041076E+00
   0.1216773379253497E+00     0.2783489856002449E+04    -0.4439814541180588E+01     0.2993777366529552E-01     0.1987102979819583E+00
   0.1341842863669570E+00     0.2783415639565979E+04    -0.4439801787456617E+01     0.2974336754805580E-01     0.1985243689885854E+00
   0.1466914509011172E+00     0.2783393672882187E+04    -0.4439856222116007E+01     0.2958120559501106E-01     0.1983694849950817E+00
   0.1591986954359426E+00     0.2783380032273496E+04    -0.4439888980484563E+01     0.2945263931402936E-01     0.1982486878324047E+00
   0.1717059891065067E+00     0.2783371803418516E+04    -0.4439930787671102E+01     0.2935969940692840E-01     0.1981634840420189E+00
   0.1842132990194449E+00     0.2783372803107822E+04    -0.4439968745265598E+01     0.2928811835516951E-01     0.1980998548350729E+00
   0.1967206085899180E+00     0.2783371955842626E+04    -0.4440007691421251E+01     0.2921230194779526E-01     0.1980321199260320E+00
   0.2092279117634841E+00     0.2783375650242559E+04    -0.4440047490044801E+01     0.2913770907949309E-01     0.1979657300737626E+00
   0.2217352110683415E+00     0.2783373677725368E+04    -0.4440091270848911E+01     0.2908061997378042E-01     0.1979168949172512E+00
   0.2342425089596860E+00     0.2783376279369526E+04    -0.4440141914872816E+01     0.2904012621110540E-01     0.1978846479694600E+00
   0.2467498104590487E+00     0.2783372071870574E+04    -0.4440202612245486E+01     0.2900628422424591E-01     0.1978589985799839E+00
   0.2592571238484304E+00     0.2783370987363213E+04    -0.4440275844138152E+01     0.2897826853734880E-01     0.1978391050269862E+00
   0.2717644564363634E+00     0.2783363527020714E+04    -0.4440363252763624E+01     0.2895598649193458E-01     0.1978248933231987E+00
   0.2842718164227337E+00     0.2783358792951116E+04    -0.4440465064699588E+01     0.2893701500069433E-01     0.1978139872836231E+00
   0.2967792110466076E+00     0.2783348110767854E+04    -0.4440580505267079E+01     0.2892057395991528E-01     0.1978056698468642E+00
   0.3092866485403256E+00     0.2783339712787405E+04    -0.4440707369922753E+01     0.2890568259741667E-01     0.1977990181251708E+00
   0.3217941398359735E+00     0.2783324165265403E+04    -0.4440843052870161E+01     0.2889404388154752E-01     0.1977957732072737E+00
   0.3343016955389705E+00     0.2783311047376784E+04    -0.4440983966661212E+01     0.2888518579528722E-01     0.1977954669690080E+00
   0.3468093268769242E+00     0.2783290503284121E+04    -0.4441127213914658E+01     0.2887813960779363E-01     0.1977971034056335E+00
   0.3593170462994836E+00     0.2783271845020923E+04    -0.4441269738326303E+01     0.2887165338625330E-01     0.1977993784673302E+00
   0.3718248683512371E+00     0.2783244828589659E+04    -0.4441410539575632E+01     0.2886430223337475E-01     0.1978008112157868E+00
   0.3843328117999342E+00     0.2783217818704414E+04    -0.4441549322236748E+01     0.2885814350443986E-01     0.1978034162249154E+00
   0.3968408973249749E+00     0.2783181600580114E+04    -0.4441688404435196E+01     0.2885400630448314E-01     0.1978080062345147E+00
   0.4093491502994457E+00     0.2783143300699037E+04    -0.4441830861654156E+01     0.2885159923629656E-01     0.1978143157112910E+00
   0.4218576003928852E+00     0.2783093881796161E+04    -0.4441979927783958E+01     0.2885081622536172E-01     0.1978222620318415E+00
   0.4343662854669483E+00     0.2783038736827506E+04    -0.4442141637524534E+01     0.2884872276489775E-01     0.1978290297665227E+00
   0.4468752532484093E+00     0.2782968085446531E+04    -0.4442309456707955E+01     0.2884699546878405E-01     0.1978361804798430E+00
   0.4593845649344635E+00     0.2782885717114705E+04    -0.4442508466583502E+01     0.2884565078020448E-01     0.1978442314943925E+00
   0.4718943009257093E+00     0.2782779303647921E+04    -0.4442669794192381E+01     0.2884593129623824E-01     0.1978532120942912E+00
   0.4844045717268226E+00     0.2782647787881075E+04    -0.4442977178132709E+01     0.2884474548049269E-01     0.1978634124929395E+00
   0.4969155357364192E+00     0.2782470936535859E+04    -0.4442927153315146E+01     0.2885023606094572E-01     0.1978740420771774E+00
   0.5094274336527316E+00     0.2782232403726972E+04    -0.4443855595815386E+01     0.2883689371520268E-01     0.1978841112097774E+00
   0.5219406742927177E+00     0.2781873833202867E+04    -0.4442065175554087E+01     0.2887016282258118E-01     0.1978950271161117E+00
   0.5344560495231201E+00     0.2781283443537660E+04    -0.4446992629947523E+01     0.2876881680606265E-01     0.1979061088822585E+00
   0.5469760589810638E+00     0.2779814979644153E+04    -0.4430729639234833E+01     0.2899641616124795E-01     0.1979179911856113E+00
   0.5595155406756842E+00     0.2772656599280551E+04    -0.4460551495249828E+01     0.2889372316106703E-01     0.1979219684446495E+00
   0.5720711997775281E+00     0.2772651650593014E+04    -0.4428896977789647E+01     0.2889615876856540E-01     0.1979356901427875E+00
   0.5846106724367808E+00     0.2779823965137675E+04    -0.4458846910647875E+01     0.2899983735977527E-01     0.1979568068876489E+00
   0.5971306427045400E+00     0.2781291865171354E+04    -0.4442602681621302E+01     0.2877501645514686E-01     0.1979721607964007E+00
   0.6096459647233057E+00     0.2781889066006068E+04    -0.4447666210107253E+01     0.2887960102735795E-01     0.1979871877651942E+00
   0.6221591306666108E+00     0.2782250385916495E+04    -0.4445998945319075E+01     0.2884941412362124E-01     0.1980023904843188E+00
   0.6346709376161447E+00     0.2782493412771131E+04    -0.4447076094961381E+01     0.2886614526557236E-01     0.1980180698315762E+00
   0.6471817904551868E+00     0.2782674763187154E+04    -0.4447176282727082E+01     0.2886351358644161E-01     0.1980323136543968E+00
   0.6596919311152827E+00     0.2782810224790041E+04    -0.4447641286825869E+01     0.2886819274726048E-01     0.1980471676451493E+00
   0.6722015170119211E+00     0.2782921575059374E+04    -0.4447967498164321E+01     0.2887113874567745E-01     0.1980626014019156E+00
   0.6847106580506097E+00     0.2783008155967649E+04    -0.4448342663315750E+01     0.2887522059085028E-01     0.1980781411421891E+00
   0.6972194344760578E+00     0.2783083813764637E+04    -0.4448701358675371E+01     0.2887960047415354E-01     0.1980942561731094E+00
   0.7097279065022388E+00     0.2783143608921852E+04    -0.4449070906436736E+01     0.2888296612156585E-01     0.1981092617394302E+00
   0.7222361213721871E+00     0.2783198249658394E+04    -0.4449446389117889E+01     0.2888621437252347E-01     0.1981243307776656E+00
   0.7347441156223314E+00     0.2783241789555422E+04    -0.4449834668839553E+01     0.2889007481771847E-01     0.1981402440404291E+00
   0.7472519187095802E+00     0.2783283324263825E+04    -0.4450240304370133E+01     0.2889412735083796E-01     0.1981567027674773E+00
   0.7597595545250289E+00     0.2783316233778710E+04    -0.4450668044791185E+01     0.2889827383180887E-01     0.1981736727123520E+00
   0.7722670433536286E+00     0.2783348742420933E+04    -0.4451122280950329E+01     0.2890165360258787E-01     0.1981903232165997E+00
   0.7847744023082540E+00     0.2783374036866476E+04    -0.4451604225998532E+01     0.2890382381547151E-01     0.1982061910791236E+00
   0.7972816448075366E+00     0.2783400574369878E+04    -0.4452113078274230E+01     0.2890636214611765E-01     0.1982227876241125E+00
   0.8097887814376359E+00     0.2783421157903680E+04    -0.4452643956731338E+01     0.2890916554759028E-01     0.1982399115444121E+00
   0.8222958216160425E+00     0.2783443504554931E+04    -0.4453190407541667E+01     0.2891207107829940E-01     0.1982572868155393E+00
   0.8348027745309353E+00     0.2783459998991852E+04    -0.4453744282605187E+01     0.2891509643486728E-01     0.1982748287772240E+00
   0.8473096489268763E+00     0.2783478453940970E+04    -0.4454299289438808E+01     0.2891676746581462E-01     0.1982909908074959E+00
   0.8598164508257122E+00     0.2783492268359316E+04    -0.4454851725477313E+01     0.2891904499056147E-01     0.1983077104555191E+00
   0.8723231849955837E+00     0.2783508601326097E+04    -0.4455403093872023E+01     0.2892176581132397E-01     0.1983248591180475E+00
   0.8848298567248263E+00     0.2783520062063289E+04    -0.4455959221972726E+01     0.2892437223360276E-01     0.1983419768749378E+00
   0.8973364713117087E+00     0.2783534036930494E+04    -0.4456530056085812E+01     0.2892711581062631E-01     0.1983594701238128E+00
   0.9098430329055902E+00     0.2783543650854590E+04    -0.4457126466068906E+01     0.2892793264533394E-01     0.1983754716993422E+00
   0.9223495451745023E+00     0.2783555993177408E+04    -0.4457758510849117E+01     0.2892904141306017E-01     0.1983924071702146E+00
   0.9348560111892488E+00     0.2783564240312784E+04    -0.4458432591097698E+01     0.2893021859728138E-01     0.1984102298226185E+00
   0.9473624349590893E+00     0.2783574798118987E+04    -0.4459151061733878E+01     0.2893076025139050E-01     0.1984283388463006E+00
   0.9598688192529488E+00     0.2783581812788625E+04    -0.4459911658956428E+01     0.2893078439480135E-01     0.1984468527001909E+00
   0.9723751660813751E+00     0.2783591475733584E+04    -0.4460709063391364E+01     0.2892846353219651E-01     0.1984638345839089E+00
   0.9848814783604134E+00     0.2783597192405716E+04    -0.4461536003476427E+01     0.2892630196943845E-01     0.1984815924698047E+00
   0.9973877588757166E+00     0.2783605615412585E+04    -0.4462385579174331E+01     0.2892449255551042E-01     0.1985000827546247E+00
   0.1009894008723194E+01     0.2783610844292641E+04    -0.4463252456513214E+01     0.2892266354448209E-01     0.1985187199930669E+00
   0.1022400229887082E+01     0.2783618384082742E+04    -0.4464134544096580E+01     0.2892070387904486E-01     0.1985372622978816E+00
   0.1034906424385015E+01     0.2783622714842596E+04    -0.4465033444075267E+01     0.2891719814501617E-01     0.1985542875364677E+00
   0.1047412593616608E+01     0.2783629631641096E+04    -0.4465955110115127E+01     0.2891416453230890E-01     0.1985719391655790E+00
   0.1059918739123469E+01     0.2783633276169260E+04    -0.4466909128139545E+01     0.2891140389058040E-01     0.1985902507287233E+00
   0.1072424862146522E+01     0.2783639640605363E+04    -0.4467907763892224E+01     0.2890832263027011E-01     0.1986089218633107E+00
   0.1084930964001749E+01     0.2783642699328193E+04    -0.4468963756053902E+01     0.2890396368863098E-01     0.1986272976597786E+00
   0.1097437046623454E+01     0.2783648202719099E+04    -0.4470088732273040E+01     0.2889779440112499E-01     0.1986451138033960E+00
   0.1109943110680115E+01     0.2783650963874954E+04    -0.4471291894647439E+01     0.2889123820982445E-01     0.1986640053376610E+00
   0.1122449157376981E+01     0.2783655930756941E+04    -0.4472580293066055E+01     0.2888392954920762E-01     0.1986837592208461E+00
   0.1134955188391096E+01     0.2783657945358377E+04    -0.4473959424332588E+01     0.2887565518803406E-01     0.1987042667705139E+00
   0.1147461204156162E+01     0.2783662719192575E+04    -0.4475434241288779E+01     0.2886492131074024E-01     0.1987240983118881E+00
   0.1159967205948508E+01     0.2783664165617156E+04    -0.4477008929336265E+01     0.2885275406021786E-01     0.1987442969701750E+00
   0.1172473195575951E+01     0.2783668134679301E+04    -0.4478685873836564E+01     0.2884005029357022E-01     0.1987657159659816E+00
   0.1184979172872587E+01     0.2783669654965751E+04    -0.4480463920544449E+01     0.2882636918270152E-01     0.1987878172610520E+00
   0.1197485138792997E+01     0.2783673199087154E+04    -0.4482338891285504E+01     0.2881183646863924E-01     0.1988106283100769E+00
   0.1209991095170013E+01     0.2783673903447376E+04    -0.4484308113822952E+01     0.2879452334647228E-01     0.1988322246964049E+00
   0.1222497042128432E+01     0.2783677392022389E+04    -0.4486379593385974E+01     0.2877650345441314E-01     0.1988549210622700E+00
   0.1235002980321984E+01     0.2783677805358666E+04    -0.4488581914201117E+01     0.2875724623070764E-01     0.1988787922567548E+00
   0.1247508911329068E+01     0.2783680591275505E+04    -0.4490970455375070E+01     0.2873560225308279E-01     0.1989037350726023E+00
   0.1260014835439254E+01     0.2783680875702771E+04    -0.4493626211529246E+01     0.2870993984160862E-01     0.1989295848423254E+00
   0.1272520753999343E+01     0.2783683062057741E+04    -0.4496646936971175E+01     0.2867916468210735E-01     0.1989569787626596E+00
   0.1285026668777938E+01     0.2783682559141652E+04    -0.4500129408381144E+01     0.2864339421668306E-01     0.1989877081549089E+00
   0.1297532580470149E+01     0.2783684436050690E+04    -0.4504141437318887E+01     0.2860147066797064E-01     0.1990217344215659E+00
   0.1310038490576321E+01     0.2783683265212655E+04    -0.4508687242018056E+01     0.2855344021459329E-01     0.1990590876138927E+00
   0.1322544401027089E+01     0.2783684282643846E+04    -0.4513686068093911E+01     0.2849833984743309E-01     0.1990973110559213E+00
   0.1335050312435535E+01     0.2783682838874315E+04    -0.4518997255542899E+01     0.2843981889322286E-01     0.1991375332406519E+00
   0.1347556225761800E+01     0.2783683428871668E+04    -0.4524510045338705E+01     0.2837946069063756E-01     0.1991793723123890E+00
   0.1360062142036403E+01     0.2783681526337919E+04    -0.4530254555410247E+01     0.2831656139528780E-01     0.1992227143984567E+00
   0.1372568061707942E+01     0.2783681916628380E+04    -0.4536421212325093E+01     0.2824805714771028E-01     0.1992680209197678E+00
   0.1385073986340809E+01     0.2783679317664654E+04    -0.4543186040967085E+01     0.2817132665516772E-01     0.1993159543884411E+00
   0.1397579917669525E+01     0.2783678935784916E+04    -0.4550413229829990E+01     0.2808925629388305E-01     0.1993669775217590E+00
   0.1410085855774805E+01     0.2783676300893940E+04    -0.4557576852080589E+01     0.2800823077977170E-01     0.1994178879327732E+00
   0.1422591800524073E+01     0.2783675978035357E+04    -0.4564296331943078E+01     0.2793316577325163E-01     0.1994665960308955E+00
   0.1435097752500859E+01     0.2783673083376309E+04    -0.4571407450198937E+01     0.2785221768967496E-01     0.1995161801331392E+00
   0.1447603714899767E+01     0.2783671338360467E+04    -0.4581558862311797E+01     0.2773447124414208E-01     0.1995832260629433E+00
   0.1460109696782737E+01     0.2783664409576169E+04    -0.4597767783775069E+01     0.2754322858592703E-01     0.1996853102262942E+00
   0.1472615710060650E+01     0.2783657362189006E+04    -0.4619638033023528E+01     0.2728284581049233E-01     0.1998200711018991E+00
   0.1485121758584494E+01     0.2783648719138283E+04    -0.4640083896874627E+01     0.2704010823888712E-01     0.1999463685399769E+00
   0.1497627829100276E+01     0.2783647572061730E+04    -0.4647862324475284E+01     0.2694980547576989E-01     0.2000000000000000E+00
   0.1510133892513263E+01     0.2783651881077108E+04    -0.4639256777836713E+01     0.2708000644377191E-01     0.2000000000000000E+00
   0.1522639920548801E+01     0.2783663321035660E+04    -0.4621400088933170E+01     0.2734247243616006E-01     0.2000000000000000E+00
   0.1535145901023768E+01     0.2783673053715090E+04    -0.4602058307424157E+01     0.2762707584038653E-01     0.2000000000000000E+00
   0.1547651834631198E+01     0.2783684185325024E+04    -0.4584365977839701E+01     0.2788817072682754E-01     0.2000000000000000E+00
   0.1560157724897373E+01     0.2783692348312519E+04    -0.4568282304689244E+01     0.2812624949341086E-01     0.2000000000000000E+00
   0.1572663574480261E+01     0.2783702296789643E+04    -0.4552873147059985E+01     0.2835464656376458E-01     0.2000000000000000E+00
   0.1585169384872359E+01     0.2783709795442244E+04    -0.4537590775372553E+01     0.2858098159161488E-01     0.2000000000000000E+00
   0.1597675156335367E+01     0.2783719627538097E+04    -0.4522515145091281E+01     0.2880377906324444E-01     0.2000000000000000E+00
   0.1610180889908629E+01     0.2783726663575336E+04    -0.4508111206902748E+01     0.2901610951783367E-01     0.2000000000000000E+00
   0.1622686588530247E+01     0.2783735187760583E+04    -0.4494937003411230E+01     0.2920987137707820E-01     0.2000000000000000E+00
   0.1635192255561675E+01     0.2783740727366221E+04    -0.4483462993381669E+01     0.2937836413972635E-01     0.2000000000000000E+00
   0.1647697895174091E+01     0.2783747394630788E+04    -0.4473995220889872E+01     0.2951731529776360E-01     0.2000000000000000E+00
   0.1660203512746153E+01     0.2783750539702617E+04    -0.4466651001286924E+01     0.2962515354795877E-01     0.2000000000000000E+00
   0.1672709113114486E+01     0.2783755053739761E+04    -0.4461357990965505E+01     0.2970298432156957E-01     0.2000000000000000E+00
   0.1685214700573427E+01     0.2783756286978990E+04    -0.4457873492143048E+01     0.2975430746244424E-01     0.2000000000000000E+00
   0.1697720279410654E+01     0.2783758892146742E+04    -0.4455829543542942E+01     0.2978439527902401E-01     0.2000000000000000E+00
   0.1710225852534970E+01     0.2783758830381355E+04    -0.4454800209526874E+01     0.2979937134433511E-01     0.2000000000000000E+00
   0.1722731421649437E+01     0.2783760677344331E+04    -0.4454376007028225E+01     0.2980519454229167E-01     0.2000000000000000E+00
   0.1735236988183083E+01     0.2783759979370910E+04    -0.4454224637850729E+01     0.2980681883023348E-01     0.2000000000000000E+00
   0.1747742552666552E+01     0.2783761590090284E+04    -0.4454122171676940E+01     0.2980772336582084E-01     0.2000000000000000E+00
   0.1760248114843794E+01     0.2783761006111508E+04    -0.4453951816610497E+01     0.2980983402765657E-01     0.2000000000000000E+00
   0.1772753674689528E+01     0.2783762628087076E+04    -0.4453678944488326E+01     0.2981376095062940E-01     0.2000000000000000E+00
   0.1785259232104962E+01     0.2783762088090146E+04    -0.4453315842303653E+01     0.2981925482444997E-01     0.2000000000000000E+00
   0.1797764786747465E+01     0.2783763862607705E+04    -0.4452894333358792E+01     0.2982566618099806E-01     0.2000000000000000E+00
   0.1810270338662729E+01     0.2783763302268412E+04    -0.4452453270174353E+01     0.2983225370889642E-01     0.2000000000000000E+00
   0.1822775888091286E+01     0.2783764969701281E+04    -0.4452031551444144E+01     0.2983837523246850E-01     0.2000000000000000E+00
   0.1835281434980276E+01     0.2783764432894985E+04    -0.4451653103773920E+01     0.2984373221222007E-01     0.2000000000000000E+00
   0.1847786979448229E+01     0.2783766047559643E+04    -0.4451317686919757E+01     0.2984846095221220E-01     0.2000000000000000E+00
   0.1860292521879359E+01     0.2783765339697990E+04    -0.4451028608654694E+01     0.2985261455177735E-01     0.2000000000000000E+00
   0.1872798062313623E+01     0.2783766936575496E+04    -0.4450789388176255E+01     0.2985619524680466E-01     0.2000000000000000E+00
   0.1885303600671107E+01     0.2783766264290771E+04    -0.4450563512456307E+01     0.2985970733653961E-01     0.2000000000000000E+00
   0.1897809137242636E+01     0.2783767731692846E+04    -0.4450266223881886E+01     0.2986317159810999E-01     0.1999991067456366E+00
   0.1910314671838626E+01     0.2783767143811594E+04    -0.4449743992202871E+01     0.2986914198197347E-01     0.1999956393798560E+00
   0.1922820203800058E+01     0.2783768904613946E+04    -0.4448925322620044E+01     0.2987874895215101E-01     0.1999909284734254E+00
   0.1935325732841210E+01     0.2783768443936597E+04    -0.4447836218965392E+01     0.2989179851086100E-01     0.1999850125717848E+00
   0.1947831258451085E+01     0.2783770432240724E+04    -0.4446453957077481E+01     0.2990856223106690E-01     0.1999776577376530E+00
   0.1960336779949284E+01     0.2783770274480385E+04    -0.4444924233035057E+01     0.2992729579720714E-01     0.1999696071712330E+00
   0.1972842297836519E+01     0.2783772039866736E+04    -0.4443786069957319E+01     0.2994034982368540E-01     0.1999627923431979E+00
   0.1985347813372528E+01     0.2783771321262444E+04    -0.4443325566149396E+01     0.2994520360022688E-01     0.1999597718972107E+00
   0.1997853326541045E+01     0.2783773093890973E+04    -0.4442342648161592E+01     0.2995658682747540E-01     0.1999538657837626E+00
   0.2010358834794896E+01     0.2783773509307823E+04    -0.4439189341308603E+01     0.2999423025168154E-01     0.1999355364574685E+00
   0.2022864336443606E+01     0.2783776034552232E+04    -0.4436320046525076E+01     0.3002887636723883E-01     0.1999191099741565E+00
   0.2035369838531820E+01     0.2783773313637070E+04    -0.4440586666599998E+01     0.2997692077185640E-01     0.1999436617861756E+00
   0.2047875352995087E+01     0.2783770525085484E+04    -0.4449524257079120E+01     0.2986149738209517E-01     0.1999973442343903E+00
   0.2060380865097820E+01     0.2783774364564619E+04    -0.4440703530291693E+01     0.2999696090314018E-01     0.2000000000000000E+00
   0.2072886299112318E+01     0.2783805290921793E+04    -0.4384254767186119E+01     0.3083337448917339E-01     0.2000000000000000E+00
   0.2085391513292608E+01     0.2783872239928389E+04    -0.4254836286963076E+01     0.3275070782670798E-01     0.2000000000000000E+00
   0.2097896309841630E+01     0.2783991240205636E+04    -0.4030215939552162E+01     0.3607783832489216E-01     0.2000000000000000E+00
   0.2110400438473573E+01     0.2784169654558080E+04    -0.3688034629959320E+01     0.4114627403420779E-01     0.2000000000000000E+00
   0.2122903591809972E+01     0.2784425584882703E+04    -0.3202201692414543E+01     0.4834340974741698E-01     0.2000000000000000E+00
   0.2135405393991797E+01     0.2784771500144896E+04    -0.2540171193775580E+01     0.5815306754691683E-01     0.2000000000000000E+00
   0.2147905383401783E+01     0.2785233257048873E+04    -0.1661289924051767E+01     0.7118043814142019E-01     0.2000000000000000E+00
   0.2160402992946147E+01     0.2785832198115929E+04    -0.5161689058382440E+00     0.8816199217813941E-01     0.2000000000000000E+00
   0.2172897531016631E+01     0.2786602808183656E+04     0.9528580016142978E+00     0.1099599300421747E+00     0.2000000000000000E+00
   0.2185388164409298E+01     0.2787574251206024E+04     0.2810115878136452E+01     0.1375395450309582E+00     0.2000000000000000E+00
   0.2197873906854819E+01     0.2788786433296426E+04     0.5123671257774705E+01     0.1719280610258880E+00     0.2000000000000000E+00
   0.2210353616724191E+01     0.2790269943151608E+04     0.7961184202419215E+01     0.2141549407076300E+00     0.2000000000000000E+00
   0.2222826005709414E+01     0.2792061336961586E+04     0.1138467416519869E+02     0.2651768598023069E+00     0.2000000000000000E+00
   0.2235289660299585E+01     0.2794182210800240E+04     0.1544479068341813E+02     0.3257940563958610E+00     0.2000000000000000E+00
   0.2247743076915863E+01     0.2796654083809910E+04     0.2017526201796089E+02     0.3965691880840987E+00     0.2000000000000000E+00
   0.2260184708305932E+01     0.2799478412939327E+04     0.2558866208525019E+02     0.4777622787655772E+00     0.2000000000000000E+00
   0.2272613016515465E+01     0.2802653525823640E+04     0.3167431393859506E+02     0.5692966374954311E+00     0.2000000000000000E+00
   0.2285026526747168E+01     0.2806157025468310E+04     0.3839924579813158E+02     0.6707665052091640E+00     0.2000000000000000E+00
   0.2297423875198330E+01     0.2809965833213298E+04     0.4571204684907243E+02     0.7814894492952834E+00     0.2000000000000000E+00
   0.2309803843690127E+01     0.2814041741274051E+04     0.5354916881923474E+02     0.9005941637150237E+00     0.2000000000000000E+00
   0.2322165378293031E+01     0.2818352862403631E+04     0.6184196378794665E+02     0.1027123404956878E+01     0.2000000000000000E+00
   0.2334507592128586E+01     0.2822859107751183E+04     0.7052317459801461E+02     0.1160128808753011E+01     0.2000000000000000E+00
   0.2346829755094316E+01     0.2827532615288078E+04     0.7953138627227037E+02     0.1298738903820750E+01     0.2000000000000000E+00
   0.2359131275510322E+01     0.2832340952867698E+04     0.8881342087754760E+02     0.1442195389502574E+01     0.2000000000000000E+00
   0.2371411679644909E+01     0.2837265010803337E+04     0.9832464273084736E+02     0.1589860217572025E+01     0.2000000000000000E+00
   0.2383670591561654E+01     0.2842281002690123E+04     0.1080281789052297E+03     0.1741204750283214E+01     0.2000000000000000E+00
   0.2395907715939765E+01     0.2847377262445425E+04     0.1178933316193424E+03     0.1895787897980259E+01     0.2000000000000000E+00
   0.2408122824754688E+01     0.2852535696158443E+04     0.1278940130992103E+03     0.2053232677333247E+01     0.2000000000000000E+00
   0.2420315747966635E+01     0.2857748606803443E+04     0.1380070981795226E+03     0.2213202180156248E+01     0.2000000000000000E+00
   0.2432486367092038E+01     0.2863000515582547E+04     0.1482111756256699E+03     0.2375380015900018E+01     0.2000000000000000E+00
   0.2444634611886626E+01     0.2868284980334149E+04     0.1584853586840680E+03     0.2539452294486665E+01     0.2000000000000000E+00
   0.2456760459250106E+01     0.2873586682099175E+04     0.1688085005053555E+03     0.2705094572449192E+01     0.2000000000000000E+00
   0.2468863933671637E+01     0.2878898674210006E+04     0.1791584009082741E+03     0.2871959262346596E+01     0.2000000000000000E+00
   0.2480945108970438E+01     0.2884204442100746E+04     0.1895113027591253E+03     0.3039666503056389E+01     0.2000000000000000E+00
   0.2493004111728047E+01     0.2889495080276557E+04     0.1998412162358758E+03     0.3207792830057219E+01     0.2000000000000000E+00
   0.2505041125609699E+01     0.2894751592900982E+04     0.2101192878299477E+03     0.3375859614757305E+01     0.2000000000000000E+00
   0.2517056397470609E+01     0.2899961759620202E+04     0.2203126606642358E+03     0.3543313769847288E+01     0.2000000000000000E+00
   0.2529050246301870E+01     0.2905101783000973E+04     0.2303829584747084E+03     0.3709501214593568E+01     0.2000000000000000E+00
   0.2541023076222166E+01     0.2910152671309457E+04     0.2402838312947110E+03     0.3873624908995386E+01     0.2000000000000000E+00
   0.2552975394551524E+01     0.2915081222344346E+04     0.2499579023504737E+03     0.4034691108342334E+01     0.2000000000000000E+00
   0.2564907836879072E+01     0.2919855557827497E+04     0.2593332563736196E+03     0.4191447283231804E+01     0.2000000000000000E+00
   0.2576821197431918E+01     0.2924426774344573E+04     0.2683212921374198E+03     0.4342341173710724E+01     0.2000000000000000E+00
   0.2588716460013112E+01     0.2928746911760399E+04     0.2768181271689842E+03     0.4485540769690549E+01     0.2000000000000000E+00
   0.2600594819001537E+01     0.2932755728039959E+04     0.2847124104602797E+03     0.4619064628675602E+01     0.2000000000000000E+00
   0.2612457678545919E+01     0.2936404793790497E+04     0.2918992476194388E+03     0.4741021805168089E+01     0.2000000000000000E+00
   0.2624306620690033E+01     0.2939648981823921E+04     0.2982966735041308E+03     0.4849900154250611E+01     0.2000000000000000E+00
   0.2636143344669109E+01     0.2942469764440872E+04     0.3038584775075971E+03     0.4944797081837938E+01     0.2000000000000000E+00
   0.2647969588849058E+01     0.2944861025194029E+04     0.3085797939516301E+03     0.5025526250700977E+01     0.2000000000000000E+00
   0.2659787050195083E+01     0.2946844972918695E+04     0.3124949078620115E+03     0.5092589080242453E+01     0.2000000000000000E+00
   0.2671597314407350E+01     0.2948451179396888E+04     0.3156696539925468E+03     0.5147048526293925E+01     0.2000000000000000E+00
   0.2683401804896712E+01     0.2949728274170855E+04     0.3181908470374622E+03     0.5190347705025487E+01     0.2000000000000000E+00
   0.2695201753626750E+01     0.2950721258685369E+04     0.3201554128548236E+03     0.5224118932982134E+01     0.2000000000000000E+00
   0.2706998192443402E+01     0.2951483825780160E+04     0.3216606249787058E+03     0.5250011463574733E+01     0.2000000000000000E+00
   0.2718791961549976E+01     0.2952057275269434E+04     0.3227965728628861E+03     0.5269560314893474E+01     0.2000000000000000E+00
   0.2730583729639227E+01     0.2952485609174304E+04     0.3236414638337038E+03     0.5284105463193224E+01     0.2000000000000000E+00
   0.2742374020249275E+01     0.2952797177874580E+04     0.3242596721134781E+03     0.5294752818333085E+01     0.2000000000000000E+00
   0.2754163239968022E+01     0.2953022016435286E+04     0.3247021511698132E+03     0.5302374716984843E+01     0.2000000000000000E+00
   0.2765951704633640E+01     0.2953175442004914E+04     0.3250079259322856E+03     0.5307637968972714E+01     0.2000000000000000E+00
   0.2777739660427327E+01     0.2953276977664388E+04     0.3252069518575106E+03     0.5311061642307704E+01     0.2000000000000000E+00
   0.2789527297892866E+01     0.2953334946077497E+04     0.3253236285532604E+03     0.5313071597408974E+01     0.2000000000000000E+00
   0.2801314759236020E+01     0.2953365230909125E+04     0.3253810541903230E+03     0.5314067706328621E+01     0.2000000000000000E+00
   0.2813102140417601E+01     0.2953375115199110E+04     0.3254043695514140E+03     0.5314438877456573E+01     0.1999693996171192E+00
   0.2824889490972120E+01     0.2953380578374487E+04     0.3254142904850112E+03     0.5314588861948240E+01     0.1999224818291153E+00
   0.2836676828508764E+01     0.2953381638585548E+04     0.3254196294516713E+03     0.5314659886634107E+01     0.1998882448568385E+00
   0.2848464159606183E+01     0.2953383805141940E+04     0.3254217109019520E+03     0.5314697054215179E+01     0.1998777246677814E+00
   0.2860251489793444E+01     0.2953382094676099E+04     0.3254202304641832E+03     0.5314674505310969E+01     0.1998830823682399E+00
   0.2872038826684590E+01     0.2953380445749956E+04     0.3254146744635393E+03     0.5314579999949421E+01     0.1999136276771108E+00
   0.2883826176588963E+01     0.2953375573617616E+04     0.3254064566117120E+03     0.5314450814177468E+01     0.1999637885097662E+00
   0.2895613540311821E+01     0.2953373521177572E+04     0.3253990364586559E+03     0.5314342313019102E+01     0.1999960589139562E+00
   0.2907400906045911E+01     0.2953374565770834E+04     0.3254013538642153E+03     0.5314415071075819E+01     0.2000000000000000E+00
   0.2919188246118401E+01     0.2953386380472870E+04     0.3254284928668708E+03     0.5314779041772912E+01     0.1998812154615729E+00
   0.2930975498602082E+01     0.2953418457927631E+04     0.3255025236511727E+03     0.5315909365308505E+01     0.1995144600679248E+00
   0.2942762559610504E+01     0.2953482334254448E+04     0.3256481039432649E+03     0.5318049036593423E+01     0.1987209232184124E+00
   0.2954549290255351E+01     0.2953584020151994E+04     0.3258862415214795E+03     0.5321551395162079E+01     0.1974255581961711E+00
   0.2966335509336201E+01     0.2953738724330105E+04     0.3262395407717665E+03     0.5326789790141418E+01     0.1955513955187215E+00
   0.2978120997476541E+01     0.2953950398114411E+04     0.3267351383028395E+03     0.5334043251190698E+01     0.1928242507583082E+00
   0.2989905476973730E+01     0.2954244375272749E+04     0.3274073648040429E+03     0.5344036599823974E+01     0.1892662225059862E+00
   0.3001688607367696E+01     0.2954626863849721E+04     0.3282997922653967E+03     0.5357124424496496E+01     0.1843546208408647E+00
   0.3013469961264473E+01     0.2955135386358895E+04     0.3294658434848439E+03     0.5374455168949624E+01     0.1781700034336611E+00
   0.3025249014018875E+01     0.2955781415135687E+04     0.3309678251495163E+03     0.5396565736612235E+01     0.1699845566953855E+00
   0.3037025128207277E+01     0.2956610419295774E+04     0.3328752451890872E+03     0.5424886224007901E+01     0.1597939855508215E+00
   0.3048797539404061E+01     0.2957641211160860E+04     0.3352627994106240E+03     0.5460219912718971E+01     0.1468707384719642E+00
   0.3060565358784139E+01     0.2958918263026213E+04     0.3382066117327675E+03     0.5503978847063570E+01     0.1310915153076689E+00
   0.3072327573793244E+01     0.2960460414528577E+04     0.3417776630087888E+03     0.5556992778354805E+01     0.1118346696945894E+00
   0.3084083064991386E+01     0.2962304153409546E+04     0.3460328560229671E+03     0.5620429102502333E+01     0.8903627706205411E-01
   0.3095830642519801E+01     0.2964450444496928E+04     0.3509999458845163E+03     0.5694534712069745E+01     0.6228474022499851E-01
   0.3107569134191330E+01     0.2966891821964784E+04     0.3566346611061528E+03     0.5778990472687025E+01     0.3212647061628020E-01
   0.3119297601746528E+01     0.2969520016937121E+04     0.3627219686446962E+03     0.5870265082098950E+01    -0.5916120542315071E-03
   0.3131015677991177E+01     0.2972156095327161E+04     0.3688112289188999E+03     0.5962034153679205E+01    -0.3306629672849459E-01
   0.3142723787738654E+01     0.2974577668443457E+04     0.3744231144042727E+03     0.6046663116511717E+01    -0.6322478858264455E-01
   0.3154422951964247E+01     0.2976702913348149E+04     0.3793228347421739E+03     0.6121073365638245E+01    -0.8928001474141180E-01
   0.3166114413608066E+01     0.2978498279565755E+04     0.3834880054665139E+03     0.6184150724932544E+01    -0.1116669113664638E+00
   0.3177799390790992E+01     0.2980007533241742E+04     0.3869728506172986E+03     0.6237214948812751E+01    -0.1300641330153280E+00
   0.3189478986898168E+01     0.2981243382758480E+04     0.3898476607596609E+03     0.6280805679028107E+01    -0.1455268924309726E+00
   0.3201154166127937E+01     0.2982262672591919E+04     0.3921861661269719E+03     0.6316739298922414E+01    -0.1578760508058034E+00
   0.3212825762384770E+01     0.2983074009371111E+04     0.3940681706634105E+03     0.6345440422242008E+01    -0.1680814919945302E+00
   0.3224494498696568E+01     0.2983724705380613E+04     0.3955700577483539E+03     0.6368411969069768E+01    -0.1758914634789307E+00
   0.3236160982027111E+01     0.2984226263142001E+04     0.3967548120665120E+03     0.6386197185288774E+01    -0.1822571954191879E+00
   0.3247825696076313E+01     0.2984629897815837E+04     0.3976723022767779E+03     0.6400449982276031E+01    -0.1870653779853866E+00
   0.3259489016200580E+01     0.2984939611173676E+04     0.3983765406967976E+03     0.6411457410306662E+01    -0.1910367458284672E+00
   0.3271151267800286E+01     0.2985176838011227E+04     0.3989196675745802E+03     0.6419824846981233E+01    -0.1938518655433210E+00
   0.3282812741334811E+01     0.2985337938235297E+04     0.3993313725178508E+03     0.6425571853227454E+01    -0.1959503550034827E+00
   0.3294473664567599E+01     0.2985458596352894E+04     0.3996161601055555E+03     0.6429810824388523E+01    -0.1973900658164820E+00
   0.3306134163420317E+01     0.2985555242563178E+04     0.3998024516332021E+03     0.6433274443511312E+01    -0.1986518967846162E+00
   0.3317794324963858E+01     0.2985631327306364E+04     0.3999474573424758E+03     0.6435933872020764E+01    -0.1996263816304370E+00
   0.3329454293013380E+01     0.2985654331910254E+04     0.4000509633100747E+03     0.6436786924661791E+01    -0.1999380378614856E+00
   0.3341114331304467E+01     0.2985595356010013E+04     0.4000043424681160E+03     0.6434657817005148E+01    -0.2000000000000000E+00
   0.3352774756524488E+01     0.2985456190058322E+04     0.3996642895509252E+03     0.6429761264361781E+01    -0.2000000000000000E+00
   0.3364436024669978E+01     0.2985163754390287E+04     0.3989571058591379E+03     0.6419357218107742E+01    -0.2000000000000000E+00
   0.3376099149541407E+01     0.2984505747860678E+04     0.3977652441767441E+03     0.6396080754420345E+01    -0.2000000000000000E+00
   0.3387766051856521E+01     0.2983231128276152E+04     0.3954870209113035E+03     0.6350922719828131E+01    -0.2000000000000000E+00
   0.3399439899871834E+01     0.2980955662848496E+04     0.3907100974992432E+03     0.6270545393136720E+01    -0.2000000000000000E+00
   0.3411126904112017E+01     0.2976519595442762E+04     0.3816018844678694E+03     0.6114231223443952E+01    -0.2000000000000000E+00
   0.3422840476626035E+01     0.2967453678909716E+04     0.3649372210219905E+03     0.5796923976138882E+01    -0.2000000000000000E+00
   0.3434604056819231E+01     0.2951281829241865E+04     0.3317757217528826E+03     0.5237648442587828E+01    -0.2000000000000000E+00
   0.3446460677106930E+01     0.2921119843730978E+04     0.2729956633509228E+03     0.4218210562033739E+01    -0.2000000000000000E+00
   0.3458473293586936E+01     0.2875233003975422E+04     0.1826533514355317E+03     0.2724498281397618E+01    -0.2000000000000000E+00
   0.3470659394758944E+01     0.2838479691439439E+04     0.1103203318012785E+03     0.1577318448871823E+01    -0.2000000000000000E+00
   0.3482966416739542E+01     0.2818927255058351E+04     0.7191623272375210E+02     0.9875410038907070E+00    -0.2000000000000000E+00
   0.3495337463173581E+01     0.2809150408370990E+04     0.5273315105550930E+02     0.6981659162283572E+00    -0.2000000000000000E+00
   0.3507740434359408E+01     0.2804427841035873E+04     0.4346752270545264E+02     0.5597350167706440E+00    -0.2000000000000000E+00
   0.3520158820233581E+01     0.2802179322239065E+04     0.3906354634647091E+02     0.4941364768054510E+00    -0.2000000000000000E+00
   0.3532584559518798E+01     0.2801109217883113E+04     0.3698366854545647E+02     0.4629879887659002E+00    -0.2000000000000000E+00
   0.3545013811123641E+01     0.2800595759900372E+04     0.3598919721712451E+02     0.4480584978475472E+00    -0.2000000000000000E+00
   0.3557444757686277E+01     0.2800345390341654E+04     0.3550463775728187E+02     0.4407824259567843E+00    -0.2000000000000000E+00
   0.3569876522050007E+01     0.2800227303433288E+04     0.3527581007448432E+02     0.4373514814171978E+00    -0.2000000000000000E+00
   0.3582308650278746E+01     0.2800181469998851E+04     0.3518675352849972E+02     0.4360199184362192E+00    -0.2000000000000000E+00
   0.3594740903106303E+01     0.2800171174528034E+04     0.3516541211050935E+02     0.4357207619306532E+00    -0.1999224772090382E+00
   0.3607173176600339E+01     0.2800172160373916E+04     0.3516756121544576E+02     0.4357493200180272E+00    -0.1999354332223674E+00
   0.3619605448329144E+01     0.2800171969708268E+04     0.3516712784486122E+02     0.4357437022941582E+00    -0.1999329274429680E+00
   0.3632037750653034E+01     0.2800158378325369E+04     0.3513559497643548E+02     0.4353488127306452E+00    -0.1997543083597053E+00
   0.3644470171244650E+01     0.2800118694866016E+04     0.3504353586953673E+02     0.4341960321944923E+00    -0.1992327801250550E+00
   0.3656902852738535E+01     0.2800040856208221E+04     0.3486296874748088E+02     0.4319351412973974E+00    -0.1982097869105512E+00
   0.3669335991906941E+01     0.2799912550046351E+04     0.3456533568054786E+02     0.4282090013862573E+00    -0.1965234634228155E+00
   0.3681769845947283E+01     0.2799718896275159E+04     0.3411612518525189E+02     0.4225864881153114E+00    -0.1939781321827895E+00
   0.3694204749564197E+01     0.2799439916515617E+04     0.3346900523288203E+02     0.4144895183206820E+00    -0.1903109905158869E+00
   0.3706641142627725E+01     0.2799048325612107E+04     0.3256070573841966E+02     0.4031298939292690E+00    -0.1851629780807770E+00
   0.3719079606727504E+01     0.2798507778643685E+04     0.3130696211645536E+02     0.3874601677717435E+00    -0.1780555457627818E+00
   0.3731520908182839E+01     0.2797771795013852E+04     0.2960003686012950E+02     0.3661454172432180E+00    -0.1683761892234962E+00
   0.3743966043152738E+01     0.2796784016463726E+04     0.2730934616294834E+02     0.3375754904792592E+00    -0.1553813261198375E+00
   0.3756416273880753E+01     0.2795482126586569E+04     0.2429059703241714E+02     0.2999852560199544E+00    -0.1382471130622543E+00
   0.3768873105971975E+01     0.2793820646579879E+04     0.2043870413708805E+02     0.2521192259562682E+00    -0.1163687222952319E+00
   0.3781337942850180E+01     0.2791892906929384E+04     0.1597034474165972E+02     0.1967305726975879E+00    -0.9096789269518796E-01
   0.3793811123603887E+01     0.2790084031135023E+04     0.1177814522978823E+02     0.1449009116663867E+00    -0.6711732665505332E-01
   0.3806291534101740E+01     0.2788659116313374E+04     0.8476321693190844E+01     0.1041733794792844E+00    -0.4831852031473045E-01
   0.3818777520268073E+01     0.2787592660608047E+04     0.6005483399202967E+01     0.7375026519258905E-01    -0.3424255535237049E-01
   0.3831267654595481E+01     0.2786807066226014E+04     0.4185570660544330E+01     0.5137171018179074E-01    -0.2387018527697148E-01
   0.3843760833122081E+01     0.2786234300882703E+04     0.2858812140337092E+01     0.3507318107026041E-01    -0.1630599883247132E-01
   0.3856256224441780E+01     0.2785820115287348E+04     0.1899449633354655E+01     0.2329631096476982E-01    -0.1083511601550129E-01
   0.3868753210771894E+01     0.2785523115687039E+04     0.1211552330092662E+01     0.1485621336027020E-01    -0.6911615330512028E-02
   0.3881251335140761E+01     0.2785312798914191E+04     0.7244421046377827E+00     0.8881849819965572E-02    -0.4132981393768937E-02
   0.3893750257926675E+01     0.2785167252854892E+04     0.3873538544896930E+00     0.4748558204048113E-02    -0.2209953341308634E-02
   0.3906249723702039E+01     0.2785070809486309E+04     0.1639922232969308E+00     0.2010234600178354E-02    -0.9356394460745856E-03
   0.3918749538201336E+01     0.2785011851477796E+04     0.2744764147588541E-01     0.3364421152559139E-03    -0.1566008738885816E-03
   0.3931249554219480E+01     0.2784981011017179E+04    -0.4397728815759582E-01    -0.5390424259662585E-03     0.2509145270136113E-03
   0.3943749664116032E+01     0.2784970019531727E+04    -0.6943292642324121E-01    -0.8510529361345481E-03     0.3961533769673007E-03
   0.3956249795627977E+01     0.2784971379362601E+04    -0.6628364966287721E-01    -0.8124523636033223E-03     0.3781848696519088E-03
   0.3968749907584926E+01     0.2784978733077138E+04    -0.4925291186036444E-01    -0.6037062701156115E-03     0.2810146459112349E-03
   0.3981249983531435E+01     0.2784987425377790E+04    -0.2912207771806937E-01    -0.3569594498707685E-03     0.1661569522923898E-03
   0.3993750023593136E+01     0.2784994723194791E+04    -0.1222077083787925E-01    -0.1497950438887528E-03     0.6972589164368677E-04
   0.4006250036434645E+01     0.2784999554638685E+04    -0.1031429135590861E-02    -0.1264269932833723E-04     0.5884845056915469E-05
   0.4018750033003926E+01     0.2785001974091685E+04     0.4571885011355384E-02     0.5603978568854110E-04    -0.2608494165806559E-04
   0.4031250022726404E+01     0.2785002605575732E+04     0.6034366285006268E-02     0.7396615291781184E-04    -0.3442914467847222E-04
   0.4043750011917004E+01     0.2785002211097516E+04     0.5120776240311802E-02     0.6276782769289732E-04    -0.2921662366391986E-04
   0.4056250003744694E+01     0.2785001430485889E+04     0.3312924938173143E-02     0.4060808596965470E-04    -0.1890193022103513E-04
   0.4068749999014781E+01     0.2785000677164202E+04     0.1568276187720723E-02     0.1922306698205659E-04    -0.8947835974980438E-05
   0.4081249997173790E+01     0.2785000143181522E+04     0.3316001928554829E-03     0.4064578294441149E-05    -0.1891962823646656E-05
   0.4093749997166180E+01     0.2784999860209865E+04    -0.3237480878561762E-03    -0.3968303689338095E-05     0.1847171872738799E-05
   0.4106249997988701E+01     0.2784999773274533E+04    -0.5250825754990333E-03    -0.6436187077294745E-05     0.2995859877917055E-05
   0.4118749998944034E+01     0.2784999801028853E+04    -0.4608053818802450E-03    -0.5648309255106065E-05     0.2629127856227875E-05
   0.4131249999676403E+01     0.2784999872627616E+04    -0.2949871606738210E-03    -0.3615793871042790E-05     0.1683045180677951E-05
   0.4143750000091021E+01     0.2784999942618756E+04    -0.1328910459453745E-03    -0.1628914804297000E-05     0.7582149750303570E-06
   0.4156250000240560E+01     0.2784999990746844E+04    -0.2143001067745582E-04    -0.2626747516217684E-06     0.1222745921701231E-06
   0.4168750000228888E+01     0.2785000014454198E+04     0.3347650948745430E-04     0.4103197705483526E-06    -0.1910131609515423E-06
   0.4181250000151381E+01     0.2785000020082476E+04     0.4650932513658688E-04     0.5700929871845041E-06    -0.2653549355753298E-06
   0.4193750000070255E+01     0.2785000016067762E+04     0.3721231199248712E-04     0.4561249459584626E-06    -0.2123224235464837E-06
   0.4206250000013611E+01     0.2785000009172419E+04     0.2124181573634244E-04     0.2603828144144598E-06    -0.1211934267345634E-06
   0.4218749999985688E+01     0.2785000003270663E+04     0.7575834247165445E-05     0.9284620160595240E-07    -0.4323352675160943E-07
   0.4231249999978965E+01     0.2784999999724938E+04    -0.6364997107984790E-06    -0.7808338551871818E-08     0.3638592397182036E-08
   0.4243749999983288E+01     0.2784999998348244E+04    -0.3824769494787310E-05    -0.4688935390131237E-07     0.2182138097865056E-07
   0.4256249999990716E+01     0.2784999998341912E+04    -0.3840155962421504E-05    -0.4706912299077490E-07     0.2191101234341276E-07
   0.4268749999996889E+01     0.2784999998907669E+04    -0.2530021577888899E-05    -0.3100865384542900E-07     0.1442861623475083E-07
   0.4281250000000428E+01     0.2784999999515575E+04    -0.1121621901981507E-05    -0.1375166388584576E-07     0.6404995632077543E-08
   0.4293750000001671E+01     0.2784999999930542E+04    -0.1618815712106783E-06    -0.1971737148005763E-08     0.9223929244551277E-09
   0.4306250000001556E+01     0.2785000000120315E+04     0.2796261661835542E-06     0.3415445934289908E-08    -0.1608537222659518E-08
   0.4318750000000943E+01     0.2785000000153164E+04     0.3555432186131989E-06     0.4347952554597088E-08    -0.2026973994942337E-08
   0.4331250000000350E+01     0.2785000000111014E+04     0.2568036729592005E-06     0.3151422975517641E-08    -0.1459396119704605E-08
   0.4343749999999980E+01     0.2785000000053429E+04     0.1240468626540095E-06     0.1516727635207726E-08    -0.7222039625481873E-09
   0.4356249999999834E+01     0.2785000000011676E+04     0.2655921818020766E-07     0.3314330758311207E-09    -0.1511303019899462E-09
   0.4368749999999830E+01     0.2784999999990502E+04    -0.2154679866019048E-07    -0.2696404684660251E-09     0.1283335921154855E-09
   0.4381249999999882E+01     0.2784999999985950E+04    -0.3267051038660009E-07    -0.3988519702972280E-09     0.1924840763451359E-09
   0.4393749999999939E+01     0.2784999999988721E+04    -0.2541512389436613E-07    -0.3201980563034139E-09     0.1333320596912358E-09
   0.4406249999999978E+01     0.2784999999994261E+04    -0.1345503802563645E-07    -0.1629165603911761E-09     0.7711695785388036E-10
   0.4418749999999996E+01     0.2784999999997824E+04    -0.4134699939880582E-08    -0.6178382999823933E-10     0.2250926755253411E-10
   0.4431250000000000E+01     0.2785000000000000E+04    -0.3905656425969654E-10     0.1893914860888142E-23    -0.2053774196652564E-11
   0.4443750000000000E+01     0.2785000000000000E+04     0.4746167939444442E-09     0.1683179615676002E-23    -0.4520900675080820E-11
   0.4456250000000001E+01     0.2785000000000000E+04     0.5409975454992207E-10     0.2706130744024958E-24    -0.1368686092663708E-11
   0.4468750000000000E+01     0.2785000000000198E+04    -0.7970352664348346E-10     0.5617509759758789E-11     0.5378330018634787E-11
   0.4481249999999999E+01     0.2785000000000000E+04    -0.6937858895102679E-10     0.2834210015989045E-25    -0.3060997200823958E-12
   0.4493749999999999E+01     0.2784999999999802E+04    -0.5488489721414062E-10    -0.5626287118758503E-11    -0.6062108394894993E-11
   0.4506250000000000E+01     0.2785000000000000E+04    -0.5468609923857831E-10     0.1155528728594114E-24    -0.4800860265744415E-12
   0.4518750000000001E+01     0.2785000000000000E+04    -0.5521454885753323E-10     0.9544186905679242E-25    -0.4939086567985260E-12
   0.4531250000000000E+01     0.2785000000000000E+04    -0.5333568710327179E-10     0.5530719264335483E-25    -0.5128752355908180E-12
   0.4543750000000000E+01     0.2785000000000000E+04    -0.5165771740197054E-10     0.1065062369968011E-24    -0.5462240829309560E-12
   0.4556250000000000E+01     0.2785000000000000E+04    -0.5151491736140176E-10     0.7363294995566543E-25    -0.5489456976366561E-12
   0.4568750000000000E+01     0.2785000000000198E+04    -0.5062568110425742E-10     0.5617509759758991E-11     0.5031482717865723E-11
   0.4581250000000000E+01     0.2784999999999802E+04    -0.4952217158295063E-10    -0.5626287118758303E-11    -0.6199784699902816E-11
   0.4593750000000000E+01     0.2785000000000000E+04    -0.4904082282662216E-10     0.7411332936468738E-25    -0.5927436306896968E-12
   0.4606250000000000E+01     0.2785000000000000E+04    -0.4790725935034724E-10     0.1060529664003202E-24    -0.5851420348510323E-12
   0.4618750000000000E+01     0.2785000000000000E+04    -0.4701006738150983E-10     0.5489886050097651E-25    -0.5537052735925936E-12
   0.4631250000000000E+01     0.2785000000000000E+04    -0.4810766092834598E-10     0.9655220879957860E-25    -0.5503993529809799E-12
   0.4643750000000001E+01     0.2785000000000000E+04    -0.5288256846020485E-10     0.1106770736871125E-24    -0.5033908934378806E-12
   0.4656250000000000E+01     0.2785000000000198E+04    -0.5491612143772347E-10     0.5617509759758785E-11     0.5126297777619427E-11
   0.4668749999999999E+01     0.2785000000000000E+04    -0.5603722354199319E-10     0.2980067893792682E-25    -0.4790978650069960E-12
   0.4681249999999999E+01     0.2784999999999802E+04    -0.5787024344337346E-10    -0.5626287118758507E-11    -0.6096567740255605E-11
   0.4693750000000000E+01     0.2785000000000000E+04    -0.6091909813768327E-10     0.1097614941098043E-24    -0.5072665931828632E-12
   0.4706250000000001E+01     0.2785000000000000E+04    -0.6222858737139951E-10     0.9214125553186132E-25    -0.5141743372900750E-12
   0.4718750000000000E+01     0.2785000000000000E+04    -0.6225121780792725E-10     0.5360660765625713E-25    -0.5222529238327050E-12
   0.4731250000000000E+01     0.2785000000000000E+04    -0.5809193670180992E-10     0.1007148755963417E-24    -0.5611982250192159E-12
   0.4743750000000000E+01     0.2785000000000000E+04    -0.5282369552645749E-10     0.6463239273900726E-25    -0.5986351438975332E-12
   0.4756250000000000E+01     0.2785000000000198E+04    -0.4584353735582445E-10     0.5617509759758990E-11     0.4954487611162829E-11
   0.4768750000000000E+01     0.2784999999999802E+04    -0.4238274598537052E-10    -0.5626287118758301E-11    -0.6312513340480533E-11
   0.4781250000000000E+01     0.2785000000000000E+04    -0.3742094693157256E-10     0.6477849322199417E-25    -0.7266556635409719E-12
   0.4793750000000001E+01     0.2785000000000000E+04    -0.3455017478338451E-10     0.8028452556956097E-25    -0.7280087103971345E-12
   0.4806250000000000E+01     0.2785000000000000E+04    -0.3348045697367428E-10     0.4910158328189784E-25    -0.7307451514896955E-12
   0.4818750000000000E+01     0.2785000000000000E+04    -0.3477497603948014E-10     0.7478471770313813E-25    -0.6936728351171009E-12
   0.4831250000000001E+01     0.2785000000000000E+04    -0.4200514521636233E-10     0.5697726231329548E-25    -0.6379553842527312E-12
   0.4843750000000000E+01     0.2785000000000198E+04    -0.4801474749278437E-10     0.5617509759758990E-11     0.5019501245094915E-11
   0.4856250000000000E+01     0.2784999999999802E+04    -0.5487777903406244E-10    -0.5626287118758304E-11    -0.6189943982901511E-11
   0.4868750000000000E+01     0.2785000000000000E+04    -0.6244855819534816E-10     0.5603627951990871E-25    -0.5208032985249988E-12
   0.4881250000000000E+01     0.2785000000000000E+04    -0.6748344926637555E-10     0.7195119292111201E-25    -0.4990404849040580E-12
   0.4893750000000001E+01     0.2785000000000000E+04    -0.6973278754706147E-10     0.3402326466923839E-25    -0.4959594734916883E-12
   0.4906250000000000E+01     0.2785000000000000E+04    -0.7018151533577184E-10     0.3427636697624467E-25    -0.5092168702874294E-12
   0.4918750000000001E+01     0.2785000000000000E+04    -0.6970525907703448E-10     0.6710285957297850E-25    -0.5135651380854200E-12
   0.4931250000000000E+01     0.2785000000000000E+04    -0.6572674656613202E-10     0.5374131058511060E-25    -0.5543242751509156E-12
   0.4943750000000000E+01     0.2785000000000198E+04    -0.5985508782827108E-10     0.5617509759758988E-11     0.5009693538189853E-11
   0.4956250000000000E+01     0.2784999999999802E+04    -0.5477405149431779E-10    -0.5626287118758305E-11    -0.6256531881740377E-11
   0.4968750000000000E+01     0.2785000000000000E+04    -0.5075241179217272E-10     0.5203952049584432E-25    -0.6843998235958370E-12
   0.4981250000000001E+01     0.2785000000000000E+04    -0.4880743577919097E-10     0.6644709501347815E-25    -0.6784920027795981E-12
   0.4993750000000000E+01     0.2785000000000000E+04    -0.4828562458459128E-10     0.5430311705611953E-25    -0.6779123903200986E-12
