    0.9999253245D+02    0.8797712016D+04    0.8800240094D+08    0.4414543820D+12    0.8954822134D+09
    0.9999506513D+02    0.8795231765D+04    0.8794863308D+08    0.4410484256D+12    0.8190243571D+09
    0.9999759453D+02    0.8792775077D+04    0.8789519741D+08    0.4406442387D+12    0.7422848376D+09
    0.1000001206D+03    0.8790342665D+04    0.8784210815D+08    0.4402419263D+12    0.6652817944D+09
    0.1000026435D+03    0.8787935201D+04    0.8778937903D+08    0.4398415904D+12    0.5880333969D+09
    0.1000051630D+03    0.8785553334D+04    0.8773702333D+08    0.4394433305D+12    0.5105576341D+09
    0.1000076792D+03    0.8783197752D+04    0.8768505461D+08    0.4390472469D+12    0.4328735367D+09
    0.1000101921D+03    0.8780869079D+04    0.8763348562D+08    0.4386534354D+12    0.3549994939D+09
    0.1000127017D+03    0.8778567945D+04    0.8758232904D+08    0.4382619909D+12    0.2769542833D+09
    0.1000152080D+03    0.8776295016D+04    0.8753159776D+08    0.4378730088D+12    0.1987574993D+09
    0.1000177109D+03    0.8774050877D+04    0.8748130370D+08    0.4374865791D+12    0.1204277931D+09
    0.1000202106D+03    0.8771836155D+04    0.8743145903D+08    0.4371027928D+12    0.4198468904D+08
    0.1000227070D+03    0.8769651467D+04    0.8738207571D+08    0.4367217390D+12   -0.3655219450D+08
    0.1000252000D+03    0.8767497392D+04    0.8733316513D+08    0.4363435033D+12   -0.1151635989D+09
    0.1000276898D+03    0.8765374557D+04    0.8728473904D+08    0.4359681728D+12   -0.1938293315D+09
    0.1000301762D+03    0.8763283528D+04    0.8723680841D+08    0.4355958301D+12   -0.2725298854D+09
    0.1000326593D+03    0.8761224895D+04    0.8718938429D+08    0.4352265575D+12   -0.3512453301D+09
    0.1000351392D+03    0.8759199258D+04    0.8714247769D+08    0.4348604366D+12   -0.4299552992D+09
    0.1000376157D+03    0.8757207156D+04    0.8709609888D+08    0.4344975447D+12   -0.5086402945D+09
    0.1000400890D+03    0.8755249201D+04    0.8705025866D+08    0.4341379611D+12   -0.5872795280D+09
    0.1000425590D+03    0.8753325937D+04    0.8700496705D+08    0.4337817607D+12   -0.6658531442D+09
    0.1000450258D+03    0.8751437934D+04    0.8696023416D+08    0.4334290181D+12   -0.7443408078D+09
    0.1000474893D+03    0.8749585776D+04    0.8691607008D+08    0.4330798075D+12   -0.8227218693D+09
    0.1000499495D+03    0.8747769993D+04    0.8687248423D+08    0.4327341989D+12   -0.9009764415D+09
    0.1000524065D+03    0.8745991176D+04    0.8682948652D+08    0.4323922641D+12   -0.9790836079D+09
    0.1000548603D+03    0.8744249839D+04    0.8678708589D+08    0.4320540698D+12   -0.1057023580D+10
    0.1000573109D+03    0.8742546580D+04    0.8674529203D+08    0.4317196854D+12   -0.1134775317D+10
    0.1000597583D+03    0.8740881930D+04    0.8670411378D+08    0.4313891758D+12   -0.1212318667D+10
    0.1000622025D+03    0.8739256434D+04    0.8666356002D+08    0.4310626053D+12   -0.1289633300D+10
    0.1000646436D+03    0.8737670651D+04    0.8662363960D+08    0.4307400377D+12   -0.1366698622D+10
    0.1000670815D+03    0.8736125124D+04    0.8658436109D+08    0.4304215347D+12   -0.1443494306D+10
    0.1000695162D+03    0.8734620396D+04    0.8654573294D+08    0.4301071567D+12   -0.1519999958D+10
    0.1000719479D+03    0.8733156996D+04    0.8650776331D+08    0.4297969624D+12   -0.1596195439D+10
    0.1000743764D+03    0.8731735486D+04    0.8647046058D+08    0.4294910106D+12   -0.1672060077D+10
    0.1000768019D+03    0.8730356379D+04    0.8643383250D+08    0.4291893570D+12   -0.1747573973D+10
    0.1000792243D+03    0.8729020211D+04    0.8639788695D+08    0.4288920568D+12   -0.1822716891D+10
    0.1000816436D+03    0.8727727525D+04    0.8636263173D+08    0.4285991648D+12   -0.1897468497D+10
    0.1000840600D+03    0.8726478827D+04    0.8632807419D+08    0.4283107326D+12   -0.1971809005D+10
    0.1000864733D+03    0.8725274652D+04    0.8629422184D+08    0.4280268123D+12   -0.2045718233D+10
    0.1000888837D+03    0.8724115504D+04    0.8626108176D+08    0.4277474534D+12   -0.2119176480D+10
    0.1000912911D+03    0.8723001903D+04    0.8622866108D+08    0.4274727052D+12   -0.2192163829D+10
    0.1000936956D+03    0.8721934362D+04    0.8619696679D+08    0.4272026157D+12   -0.2264660482D+10
    0.1000960972D+03    0.8720913376D+04    0.8616600555D+08    0.4269372307D+12   -0.2336646979D+10
    0.1000984959D+03    0.8719939443D+04    0.8613578401D+08    0.4266765957D+12   -0.2408103829D+10
    0.1001008918D+03    0.8719013057D+04    0.8610630863D+08    0.4264207547D+12   -0.2479011636D+10
    0.1001032848D+03    0.8718134711D+04    0.8607758580D+08    0.4261697510D+12   -0.2549351096D+10
    0.1001056751D+03    0.8717304882D+04    0.8604962165D+08    0.4259236261D+12   -0.2619103136D+10
    0.1001080626D+03    0.8716524029D+04    0.8602242204D+08    0.4256824197D+12   -0.2688249084D+10
    0.1001104473D+03    0.8715792658D+04    0.8599599325D+08    0.4254461733D+12   -0.2756769542D+10
    0.1001128293D+03    0.8715111197D+04    0.8597034066D+08    0.4252149235D+12   -0.2824646352D+10
    0.1001152087D+03    0.8714480117D+04    0.8594547002D+08    0.4249887083D+12   -0.2891860819D+10
    0.1001175854D+03    0.8713899864D+04    0.8592138677D+08    0.4247675639D+12   -0.2958394620D+10
    0.1001199595D+03    0.8713370872D+04    0.8589809614D+08    0.4245515249D+12   -0.3024229760D+10
    0.1001223310D+03    0.8712893590D+04    0.8587560347D+08    0.4243406265D+12   -0.3089347964D+10
    0.1001246999D+03    0.8712468415D+04    0.8585391348D+08    0.4241349000D+12   -0.3153731910D+10
    0.1001270663D+03    0.8712095789D+04    0.8583303133D+08    0.4239343788D+12   -0.3217363544D+10
    0.1001294302D+03    0.8711776090D+04    0.8581296144D+08    0.4237390925D+12   -0.3280225914D+10
    0.1001317917D+03    0.8711509732D+04    0.8579370855D+08    0.4235490717D+12   -0.3342301554D+10
    0.1001341508D+03    0.8711297088D+04    0.8577527697D+08    0.4233643448D+12   -0.3403573637D+10
    0.1001365075D+03    0.8711138537D+04    0.8575767097D+08    0.4231849396D+12   -0.3464025328D+10
    0.1001388618D+03    0.8711034438D+04    0.8574089463D+08    0.4230108828D+12   -0.3523640139D+10
    0.1001412139D+03    0.8710985123D+04    0.8572495168D+08    0.4228421991D+12   -0.3582401991D+10
    0.1001435636D+03    0.8710990950D+04    0.8570984609D+08    0.4226789141D+12   -0.3640294532D+10
    0.1001459111D+03    0.8711052236D+04    0.8569558138D+08    0.4225210512D+12   -0.3697301987D+10
    0.1001482565D+03    0.8711169281D+04    0.8568216089D+08    0.4223686323D+12   -0.3753408933D+10
    0.1001505996D+03    0.8711342388D+04    0.8566958793D+08    0.4222216793D+12   -0.3808599974D+10
    0.1001529407D+03    0.8711571845D+04    0.8565786565D+08    0.4220802130D+12   -0.3862859943D+10
    0.1001552797D+03    0.8711857898D+04    0.8564699675D+08    0.4219442518D+12   -0.3916174490D+10
    0.1001576166D+03    0.8712200849D+04    0.8563698449D+08    0.4218138166D+12   -0.3968528478D+10
    0.1001599515D+03    0.8712600897D+04    0.8562783106D+08    0.4216889228D+12   -0.4019908476D+10
    0.1001622845D+03    0.8713058331D+04    0.8561953954D+08    0.4215695902D+12   -0.4070299950D+10
    0.1001646156D+03    0.8713573345D+04    0.8561211205D+08    0.4214558335D+12   -0.4119689946D+10
    0.1001669448D+03    0.8714146190D+04    0.8560555127D+08    0.4213476697D+12   -0.4168065139D+10
    0.1001692721D+03    0.8714777100D+04    0.8559985970D+08    0.4212451148D+12   -0.4215412779D+10
    0.1001715977D+03    0.8715466301D+04    0.8559503974D+08    0.4211481842D+12   -0.4261720825D+10
    0.1001739215D+03    0.8716214047D+04    0.8559109408D+08    0.4210568939D+12   -0.4306977448D+10
    0.1001762436D+03    0.8717020602D+04    0.8558802551D+08    0.4209712602D+12   -0.4351171474D+10
    0.1001785641D+03    0.8717886264D+04    0.8558583711D+08    0.4208913003D+12   -0.4394292221D+10
    0.1001808829D+03    0.8718811329D+04    0.8558453200D+08    0.4208170310D+12   -0.4436330116D+10
    0.1001832002D+03    0.8719796178D+04    0.8558411411D+08    0.4207484722D+12   -0.4477275558D+10
    0.1001855159D+03    0.8720841203D+04    0.8558458748D+08    0.4206856440D+12   -0.4517120336D+10
    0.1001878302D+03    0.8721946873D+04    0.8558595691D+08    0.4206285691D+12   -0.4555856740D+10
    0.1001901430D+03    0.8723113697D+04    0.8558822762D+08    0.4205772715D+12   -0.4593478290D+10
    0.1001924544D+03    0.8724342267D+04    0.8559140565D+08    0.4205317781D+12   -0.4629979059D+10
    0.1001947645D+03    0.8725633229D+04    0.8559549756D+08    0.4204921179D+12   -0.4665354099D+10
    0.1001970733D+03    0.8726987315D+04    0.8560051080D+08    0.4204583225D+12   -0.4699599874D+10
    0.1001993808D+03    0.8728405345D+04    0.8560645368D+08    0.4204304272D+12   -0.4732713282D+10
    0.1002016871D+03    0.8729888157D+04    0.8561333469D+08    0.4204084673D+12   -0.4764692632D+10
    0.1002039922D+03    0.8731436666D+04    0.8562116311D+08    0.4203924810D+12   -0.4795536729D+10
    0.1002062962D+03    0.8733051820D+04    0.8562994859D+08    0.4203825079D+12   -0.4825245080D+10
    0.1002085991D+03    0.8734734576D+04    0.8563970081D+08    0.4203785874D+12   -0.4853817876D+10
    0.1002109010D+03    0.8736485856D+04    0.8565042922D+08    0.4203807575D+12   -0.4881255914D+10
    0.1002132019D+03    0.8738306562D+04    0.8566214303D+08    0.4203890556D+12   -0.4907559825D+10
    0.1002155018D+03    0.8740197502D+04    0.8567485055D+08    0.4204035150D+12   -0.4932730175D+10
    0.1002178009D+03    0.8742159314D+04    0.8568855849D+08    0.4204241627D+12   -0.4956767394D+10
    0.1002200990D+03    0.8744192596D+04    0.8570327312D+08    0.4204510242D+12   -0.4979671631D+10
    0.1002223964D+03    0.8746297761D+04    0.8571899900D+08    0.4204841180D+12   -0.5001441925D+10
    0.1002246930D+03    0.8748474927D+04    0.8573573776D+08    0.4205234509D+12   -0.5022077243D+10
    0.1002269889D+03    0.8750724035D+04    0.8575348936D+08    0.4205690237D+12   -0.5041574242D+10
    0.1002292841D+03    0.8753044732D+04    0.8577225087D+08    0.4206208258D+12   -0.5059928850D+10
    0.1002315786D+03    0.8755436375D+04    0.8579201654D+08    0.4206788353D+12   -0.5077136062D+10
    0.1002338726D+03    0.8757898129D+04    0.8581277880D+08    0.4207430238D+12   -0.5093188579D+10
    0.1002361660D+03    0.8760428835D+04    0.8583452690D+08    0.4208133501D+12   -0.5108078982D+10
    0.1002384589D+03    0.8763027140D+04    0.8585724819D+08    0.4208897657D+12   -0.5121798337D+10
    0.1002407514D+03    0.8765691491D+04    0.8588092812D+08    0.4209722152D+12   -0.5134336580D+10
    0.1002430434D+03    0.8768420116D+04    0.8590554998D+08    0.4210606341D+12   -0.5145683392D+10
    0.1002453351D+03    0.8771211094D+04    0.8593109564D+08    0.4211549527D+12   -0.5155827802D+10
    0.1002476265D+03    0.8774062412D+04    0.8595754608D+08    0.4212550983D+12   -0.5164757792D+10
    0.1002499176D+03    0.8776971860D+04    0.8598488037D+08    0.4213609895D+12   -0.5172462536D+10
    0.1002522085D+03    0.8779937249D+04    0.8601307779D+08    0.4214725471D+12   -0.5178929553D+10
    0.1002544992D+03    0.8782956248D+04    0.8604211625D+08    0.4215896856D+12   -0.5184147612D+10
    0.1002567898D+03    0.8786026499D+04    0.8607197340D+08    0.4217123184D+12   -0.5188105475D+10
    0.1002590804D+03    0.8789145631D+04    0.8610262678D+08    0.4218403589D+12   -0.5190792003D+10
    0.1002613709D+03    0.8792311269D+04    0.8613405391D+08    0.4219737202D+12   -0.5192196296D+10
    0.1002636614D+03    0.8795520993D+04    0.8616623184D+08    0.4221123129D+12   -0.5192308699D+10
    0.1002659520D+03    0.8798772413D+04    0.8619913796D+08    0.4222560494D+12   -0.5191119709D+10
    0.1002682428D+03    0.8802063177D+04    0.8623274999D+08    0.4224048430D+12   -0.5188620252D+10
    0.1002705337D+03    0.8805390918D+04    0.8626704557D+08    0.4225586065D+12   -0.5184802466D+10
    0.1002728249D+03    0.8808753330D+04    0.8630200286D+08    0.4227172547D+12   -0.5179658886D+10
    0.1002751163D+03    0.8812148162D+04    0.8633760062D+08    0.4228807047D+12   -0.5173182430D+10
    0.1002774081D+03    0.8815573122D+04    0.8637381716D+08    0.4230488708D+12   -0.5165368185D+10
    0.1002797003D+03    0.8819026086D+04    0.8641063245D+08    0.4232216749D+12   -0.5156210166D+10
    0.1002819929D+03    0.8822504870D+04    0.8644802586D+08    0.4233990353D+12   -0.5145704937D+10
    0.1002842860D+03    0.8826007410D+04    0.8648597792D+08    0.4235808750D+12   -0.5133848875D+10
    0.1002865796D+03    0.8829531677D+04    0.8652446948D+08    0.4237671180D+12   -0.5120639590D+10
    0.1002888739D+03    0.8833075704D+04    0.8656348202D+08    0.4239576906D+12   -0.5106075470D+10
    0.1002911688D+03    0.8836637565D+04    0.8660299736D+08    0.4241525198D+12   -0.5090156189D+10
    0.1002934643D+03    0.8840215440D+04    0.8664299837D+08    0.4243515369D+12   -0.5072881519D+10
    0.1002957607D+03    0.8843807532D+04    0.8668346811D+08    0.4245546734D+12   -0.5054252872D+10
    0.1002980578D+03    0.8847412137D+04    0.8672439051D+08    0.4247618640D+12   -0.5034272051D+10
    0.1003003559D+03    0.8851027582D+04    0.8676574982D+08    0.4249730441D+12   -0.5012942311D+10
    0.1003026548D+03    0.8854652293D+04    0.8680753120D+08    0.4251881528D+12   -0.4990267270D+10
    0.1003049547D+03    0.8858284780D+04    0.8684972062D+08    0.4254071319D+12   -0.4966251242D+10
    0.1003072556D+03    0.8861923534D+04    0.8689230382D+08    0.4256299214D+12   -0.4940900621D+10
    0.1003095575D+03    0.8865567235D+04    0.8693526836D+08    0.4258564691D+12   -0.4914220889D+10
    0.1003118606D+03    0.8869214504D+04    0.8697860120D+08    0.4260867191D+12   -0.4886220223D+10
    0.1003141649D+03    0.8872864140D+04    0.8702229098D+08    0.4263206225D+12   -0.4856906015D+10
    0.1003164703D+03    0.8876514930D+04    0.8706632620D+08    0.4265581290D+12   -0.4826287623D+10
    0.1003187771D+03    0.8880165779D+04    0.8711069648D+08    0.4267991927D+12   -0.4794374386D+10
    0.1003210852D+03    0.8883815584D+04    0.8715539132D+08    0.4270437661D+12   -0.4761177552D+10
    0.1003233946D+03    0.8887463386D+04    0.8720040156D+08    0.4272918076D+12   -0.4726707880D+10
    0.1003257055D+03    0.8891108241D+04    0.8724571819D+08    0.4275432750D+12   -0.4690977574D+10
    0.1003280178D+03    0.8894749263D+04    0.8729133264D+08    0.4277981279D+12   -0.4653999580D+10
    0.1003303316D+03    0.8898385644D+04    0.8733723714D+08    0.4280563284D+12   -0.4615787247D+10
    0.1003326471D+03    0.8902016605D+04    0.8738342410D+08    0.4283178388D+12   -0.4576354963D+10
    0.1003349641D+03    0.8905641442D+04    0.8742988663D+08    0.4285826239D+12   -0.4535717488D+10
    0.1003372828D+03    0.8909259490D+04    0.8747661816D+08    0.4288506495D+12   -0.4493890318D+10
    0.1003396032D+03    0.8912870121D+04    0.8752361243D+08    0.4291218817D+12   -0.4450889786D+10
    0.1003419254D+03    0.8916472774D+04    0.8757086378D+08    0.4293962890D+12   -0.4406732405D+10
    0.1003442493D+03    0.8920066925D+04    0.8761836684D+08    0.4296738406D+12   -0.4361435388D+10
    0.1003465751D+03    0.8923652077D+04    0.8766611647D+08    0.4299545058D+12   -0.4315016604D+10
    0.1003489028D+03    0.8927227772D+04    0.8771410781D+08    0.4302382547D+12   -0.4267494400D+10
    0.1003512325D+03    0.8930793596D+04    0.8776233641D+08    0.4305250590D+12   -0.4218887436D+10
    0.1003535641D+03    0.8934349162D+04    0.8781079798D+08    0.4308148900D+12   -0.4169214885D+10
    0.1003558977D+03    0.8937894109D+04    0.8785948844D+08    0.4311077198D+12   -0.4118496335D+10
    0.1003582334D+03    0.8941428095D+04    0.8790840381D+08    0.4314035202D+12   -0.4066751821D+10
    0.1003605712D+03    0.8944950809D+04    0.8795754038D+08    0.4317022640D+12   -0.4014001562D+10
    0.1003629111D+03    0.8948461955D+04    0.8800689447D+08    0.4320039231D+12   -0.3960266259D+10
    0.1003652533D+03    0.8951961242D+04    0.8805646240D+08    0.4323084694D+12   -0.3905566952D+10
    0.1003675976D+03    0.8955448436D+04    0.8810624098D+08    0.4326158766D+12   -0.3849924260D+10
    0.1003699442D+03    0.8958923228D+04    0.8815622618D+08    0.4329261136D+12   -0.3793360427D+10
    0.1003722931D+03    0.8962385414D+04    0.8820641496D+08    0.4332391540D+12   -0.3735896321D+10
    0.1003746443D+03    0.8965834713D+04    0.8825680342D+08    0.4335549666D+12   -0.3677554210D+10
    0.1003769979D+03    0.8969270913D+04    0.8830738824D+08    0.4338735228D+12   -0.3618355554D+10
    0.1003793539D+03    0.8972693730D+04    0.8835816538D+08    0.4341947901D+12   -0.3558322929D+10
    0.1003817123D+03    0.8976102950D+04    0.8840913131D+08    0.4345187382D+12   -0.3497477918D+10
    0.1003840732D+03    0.8979498292D+04    0.8846028185D+08    0.4348453332D+12   -0.3435843081D+10
    0.1003864366D+03    0.8982879494D+04    0.8851161285D+08    0.4351745413D+12   -0.3373440608D+10
    0.1003888026D+03    0.8986246292D+04    0.8856312010D+08    0.4355063281D+12   -0.3310292569D+10
    0.1003911711D+03    0.8989598389D+04    0.8861479894D+08    0.4358406567D+12   -0.3246421321D+10
    0.1003935422D+03    0.8992935482D+04    0.8866664460D+08    0.4361774894D+12   -0.3181849050D+10
    0.1003959159D+03    0.8996257241D+04    0.8871865193D+08    0.4365167867D+12   -0.3116598031D+10
    0.1003982923D+03    0.8999563344D+04    0.8877081577D+08    0.4368585087D+12   -0.3050690135D+10
    0.1004006714D+03    0.9002853413D+04    0.8882313031D+08    0.4372026123D+12   -0.2984147566D+10
    0.1004030532D+03    0.9006127083D+04    0.8887558980D+08    0.4375490544D+12   -0.2916991973D+10
    0.1004054377D+03    0.9009383915D+04    0.8892818765D+08    0.4378977879D+12   -0.2849245605D+10
    0.1004078250D+03    0.9012623516D+04    0.8898091760D+08    0.4382487670D+12   -0.2780929515D+10
    0.1004102150D+03    0.9015845409D+04    0.8903377250D+08    0.4386019416D+12   -0.2712065427D+10
    0.1004126079D+03    0.9019049102D+04    0.8908674495D+08    0.4389572602D+12   -0.2642674758D+10
    0.1004150036D+03    0.9022234088D+04    0.8913982730D+08    0.4393146702D+12   -0.2572778422D+10
    0.1004174022D+03    0.9025399823D+04    0.8919301141D+08    0.4396741163D+12   -0.2502397415D+10
    0.1004198037D+03    0.9028545751D+04    0.8924628895D+08    0.4400355424D+12   -0.2431552079D+10
    0.1004222080D+03    0.9031671226D+04    0.8929965058D+08    0.4403988872D+12   -0.2360263520D+10
    0.1004246153D+03    0.9034775644D+04    0.8935308727D+08    0.4407640912D+12   -0.2288551454D+10
    0.1004270255D+03    0.9037858331D+04    0.8940658921D+08    0.4411310909D+12   -0.2216435948D+10
    0.1004294387D+03    0.9040918578D+04    0.8946014613D+08    0.4414998202D+12   -0.2143936810D+10
    0.1004318548D+03    0.9043955666D+04    0.8951374752D+08    0.4418702124D+12   -0.2071073290D+10
    0.1004342739D+03    0.9046968810D+04    0.8956738216D+08    0.4422421967D+12   -0.1997864879D+10
    0.1004366961D+03    0.9049957222D+04    0.8962103866D+08    0.4426157019D+12   -0.1924330285D+10
    0.1004391213D+03    0.9052920077D+04    0.8967470515D+08    0.4429906540D+12   -0.1850488038D+10
    0.1004415495D+03    0.9055856498D+04    0.8972836914D+08    0.4433669762D+12   -0.1776356691D+10
    0.1004439807D+03    0.9058765601D+04    0.8978201796D+08    0.4437445907D+12   -0.1701954083D+10
    0.1004464151D+03    0.9061646463D+04    0.8983563843D+08    0.4441234171D+12   -0.1627297912D+10
    0.1004488525D+03    0.9064498108D+04    0.8988921672D+08    0.4445033718D+12   -0.1552405874D+10
    0.1004512930D+03    0.9067319557D+04    0.8994273887D+08    0.4448843705D+12   -0.1477294982D+10
    0.1004537366D+03    0.9070109795D+04    0.8999619046D+08    0.4452663263D+12   -0.1401981955D+10
    0.1004561834D+03    0.9072867762D+04    0.9004955645D+08    0.4456491496D+12   -0.1326483585D+10
    0.1004586333D+03    0.9075592398D+04    0.9010282172D+08    0.4460327501D+12   -0.1250815821D+10
    0.1004610863D+03    0.9078282589D+04    0.9015597048D+08    0.4464170340D+12   -0.1174994808D+10
    0.1004635424D+03    0.9080937209D+04    0.9020898670D+08    0.4468019062D+12   -0.1099036120D+10
    0.1004660018D+03    0.9083555096D+04    0.9026185386D+08    0.4471872692D+12   -0.1022955252D+10
    0.1004684642D+03    0.9086135092D+04    0.9031455536D+08    0.4475730248D+12   -0.9467669846D+09
    0.1004709299D+03    0.9088675990D+04    0.9036707399D+08    0.4479590717D+12   -0.8704861987D+09
    0.1004733987D+03    0.9091176554D+04    0.9041939211D+08    0.4483453060D+12   -0.7941277132D+09
    0.1004758708D+03    0.9093635567D+04    0.9047149215D+08    0.4487316244D+12   -0.7177054379D+09
    0.1004783460D+03    0.9096051772D+04    0.9052335601D+08    0.4491179203D+12   -0.6412333695D+09
    0.1004808244D+03    0.9098423897D+04    0.9057496531D+08    0.4495040855D+12   -0.5647253229D+09
    0.1004833060D+03    0.9100750654D+04    0.9062630137D+08    0.4498900103D+12   -0.4881948544D+09
    0.1004857908D+03    0.9103030764D+04    0.9067734549D+08    0.4502755843D+12   -0.4116549921D+09
    0.1004882789D+03    0.9105262919D+04    0.9072807851D+08    0.4506606945D+12   -0.3351188706D+09
    0.1004907701D+03    0.9107445802D+04    0.9077848108D+08    0.4510452267D+12   -0.2585994671D+09
    0.1004932646D+03    0.9109578123D+04    0.9082853398D+08    0.4514290668D+12   -0.1821090076D+09
    0.1004957622D+03    0.9111658543D+04    0.9087821734D+08    0.4518120971D+12   -0.1056603344D+09
    0.1004982631D+03    0.9113685779D+04    0.9092751173D+08    0.4521942015D+12   -0.2926523890D+08
    0.1005007673D+03    0.9115658501D+04    0.9097639712D+08    0.4525752606D+12    0.4706390620D+08
    0.1005032746D+03    0.9117575413D+04    0.9102485367D+08    0.4529551553D+12    0.1233152731D+09
    0.1005057852D+03    0.9119435222D+04    0.9107286144D+08    0.4533337653D+12    0.1994771154D+09
    0.1005082989D+03    0.9121236641D+04    0.9112040042D+08    0.4537109696D+12    0.2755376893D+09
    0.1005108159D+03    0.9122978413D+04    0.9116745074D+08    0.4540866470D+12    0.3514856327D+09
    0.1005133362D+03    0.9124659270D+04    0.9121399229D+08    0.4544606745D+12    0.4273091761D+09
    0.1005158596D+03    0.9126278008D+04    0.9126000547D+08    0.4548329311D+12    0.5029973656D+09
    0.1005183862D+03    0.9127833396D+04    0.9130547026D+08    0.4552032927D+12    0.5785384747D+09
    0.1005209161D+03    0.9129324255D+04    0.9135036705D+08    0.4555716365D+12    0.6539212277D+09
    0.1005234492D+03    0.9130749457D+04    0.9139467657D+08    0.4559378407D+12    0.7291347100D+09
    0.1005259854D+03    0.9132107869D+04    0.9143837940D+08    0.4563017817D+12    0.8041674354D+09
    0.1005285249D+03    0.9133398399D+04    0.9148145634D+08    0.4566633362D+12    0.8790079221D+09
    0.1005310675D+03    0.9134620028D+04    0.9152388885D+08    0.4570223832D+12    0.9536452766D+09
    0.1005336134D+03    0.9135771729D+04    0.9156565815D+08    0.4573787996D+12    0.1028067755D+10
    0.1005361624D+03    0.9136852573D+04    0.9160674628D+08    0.4577324653D+12    0.1102264350D+10
    0.1005387146D+03    0.9137861619D+04    0.9164713509D+08    0.4580832583D+12    0.1176223040D+10
    0.1005412700D+03    0.9138798031D+04    0.9168680731D+08    0.4584310599D+12    0.1249932590D+10
    0.1005438285D+03    0.9139661019D+04    0.9172574603D+08    0.4587757520D+12    0.1323381465D+10
    0.1005463902D+03    0.9140449789D+04    0.9176393415D+08    0.4591172145D+12    0.1396557098D+10
    0.1005489550D+03    0.9141163699D+04    0.9180135599D+08    0.4594553332D+12    0.1469448190D+10
    0.1005515230D+03    0.9141802092D+04    0.9183799560D+08    0.4597899914D+12    0.1542042110D+10
    0.1005540940D+03    0.9142364431D+04    0.9187383811D+08    0.4601210765D+12    0.1614326843D+10
    0.1005566682D+03    0.9142850197D+04    0.9190886873D+08    0.4604484753D+12    0.1686289528D+10
    0.1005592455D+03    0.9143258981D+04    0.9194307364D+08    0.4607720780D+12    0.1757917585D+10
    0.1005618259D+03    0.9143590424D+04    0.9197643944D+08    0.4610917757D+12    0.1829197989D+10
    0.1005644094D+03    0.9143844245D+04    0.9200895340D+08    0.4614074615D+12    0.1900117471D+10
    0.1005669959D+03    0.9144020246D+04    0.9204060351D+08    0.4617190309D+12    0.1970662676D+10
    0.1005695855D+03    0.9144118296D+04    0.9207137836D+08    0.4620263812D+12    0.2040819786D+10
    0.1005721781D+03    0.9144138342D+04    0.9210126722D+08    0.4623294117D+12    0.2110574725D+10
    0.1005747737D+03    0.9144080428D+04    0.9213026026D+08    0.4626280247D+12    0.2179913404D+10
    0.1005773723D+03    0.9143944665D+04    0.9215834820D+08    0.4629221244D+12    0.2248821107D+10
    0.1005799739D+03    0.9143731249D+04    0.9218552259D+08    0.4632116176D+12    0.2317282982D+10
    0.1005825785D+03    0.9143440471D+04    0.9221177584D+08    0.4634964139D+12    0.2385283914D+10
    0.1005851861D+03    0.9143072699D+04    0.9223710106D+08    0.4637764256D+12    0.2452808427D+10
    0.1005877965D+03    0.9142628379D+04    0.9226149210D+08    0.4640515670D+12    0.2519840549D+10
    0.1005904099D+03    0.9142108077D+04    0.9228494392D+08    0.4643217571D+12    0.2586364486D+10
    0.1005930262D+03    0.9141512405D+04    0.9230745197D+08    0.4645869158D+12    0.2652363528D+10
    0.1005956454D+03    0.9140842087D+04    0.9232901271D+08    0.4648469670D+12    0.2717820985D+10
    0.1005982674D+03    0.9140097936D+04    0.9234962350D+08    0.4651018379D+12    0.2782719846D+10
    0.1006008922D+03    0.9139280845D+04    0.9236928245D+08    0.4653514583D+12    0.2847042650D+10
    0.1006035199D+03    0.9138391791D+04    0.9238798851D+08    0.4655957611D+12    0.2910771566D+10
    0.1006061503D+03    0.9137431858D+04    0.9240574169D+08    0.4658346834D+12    0.2973888767D+10
    0.1006087834D+03    0.9136402188D+04    0.9242254256D+08    0.4660681642D+12    0.3036375617D+10
    0.1006114193D+03    0.9135304027D+04    0.9243839277D+08    0.4662961466D+12    0.3098213530D+10
    0.1006140579D+03    0.9134138703D+04    0.9245329474D+08    0.4665185770D+12    0.3159383526D+10
    0.1006166992D+03    0.9132907625D+04    0.9246725179D+08    0.4667354052D+12    0.3219866352D+10
    0.1006193431D+03    0.9131612284D+04    0.9248026805D+08    0.4669465842D+12    0.3279642418D+10
    0.1006219896D+03    0.9130254248D+04    0.9249234844D+08    0.4671520703D+12    0.3338691874D+10
    0.1006246387D+03    0.9128835159D+04    0.9250349871D+08    0.4673518232D+12    0.3396994566D+10
    0.1006272904D+03    0.9127356732D+04    0.9251372536D+08    0.4675458055D+12    0.3454530064D+10
    0.1006299445D+03    0.9125820780D+04    0.9252303593D+08    0.4677339850D+12    0.3511278178D+10
    0.1006326011D+03    0.9124229131D+04    0.9253143818D+08    0.4679163295D+12    0.3567217648D+10
    0.1006352602D+03    0.9122583733D+04    0.9253894117D+08    0.4680928132D+12    0.3622327956D+10
    0.1006379217D+03    0.9120886539D+04    0.9254555407D+08    0.4682634107D+12    0.3676587637D+10
    0.1006405856D+03    0.9119139599D+04    0.9255128710D+08    0.4684281014D+12    0.3729975696D+10
    0.1006432518D+03    0.9117344997D+04    0.9255615097D+08    0.4685868672D+12    0.3782470866D+10
    0.1006459202D+03    0.9115504849D+04    0.9256015679D+08    0.4687396917D+12    0.3834051627D+10
    0.1006485910D+03    0.9113621335D+04    0.9256331641D+08    0.4688865629D+12    0.3884696943D+10
    0.1006512639D+03    0.9111696614D+04    0.9256564163D+08    0.4690274682D+12    0.3934385033D+10
    0.1006539390D+03    0.9109732926D+04    0.9256714516D+08    0.4691624004D+12    0.3983095205D+10
    0.1006566162D+03    0.9107732471D+04    0.9256783948D+08    0.4692913514D+12    0.4030806096D+10
    0.1006592955D+03    0.9105697479D+04    0.9256773752D+08    0.4694143163D+12    0.4077497046D+10
    0.1006619769D+03    0.9103630161D+04    0.9256685216D+08    0.4695312904D+12    0.4123147527D+10
    0.1006646602D+03    0.9101532706D+04    0.9256519621D+08    0.4696422700D+12    0.4167737269D+10
    0.1006673454D+03    0.9099407292D+04    0.9256278257D+08    0.4697472528D+12    0.4211246824D+10
    0.1006700326D+03    0.9097256016D+04    0.9255962350D+08    0.4698462347D+12    0.4253656606D+10
    0.1006727216D+03    0.9095080956D+04    0.9255573123D+08    0.4699392129D+12    0.4294948195D+10
    0.1006754123D+03    0.9092884112D+04    0.9255111744D+08    0.4700261836D+12    0.4335103557D+10
    0.1006781048D+03    0.9090667415D+04    0.9254579326D+08    0.4701071418D+12    0.4374105431D+10
    0.1006807990D+03    0.9088432710D+04    0.9253976923D+08    0.4701820815D+12    0.4411937292D+10
    0.1006834948D+03    0.9086181777D+04    0.9253305542D+08    0.4702509962D+12    0.4448583327D+10
    0.1006861922D+03    0.9083916309D+04    0.9252566123D+08    0.4703138782D+12    0.4484028569D+10
    0.1006888911D+03    0.9081637898D+04    0.9251759530D+08    0.4703707178D+12    0.4518258730D+10
    0.1006915915D+03    0.9079348069D+04    0.9250886583D+08    0.4704215054D+12    0.4551260406D+10
    0.1006942933D+03    0.9077048311D+04    0.9249948092D+08    0.4704662320D+12    0.4583020439D+10
    0.1006969964D+03    0.9074740079D+04    0.9248944856D+08    0.4705048902D+12    0.4613526823D+10
    0.1006997008D+03    0.9072424747D+04    0.9247877621D+08    0.4705374717D+12    0.4642767193D+10
    0.1007024065D+03    0.9070103706D+04    0.9246747177D+08    0.4705639715D+12    0.4670730105D+10
    0.1007051134D+03    0.9067778349D+04    0.9245554345D+08    0.4705843875D+12    0.4697404064D+10
    0.1007078213D+03    0.9065450133D+04    0.9244300038D+08    0.4705987230D+12    0.4722777580D+10
    0.1007105304D+03    0.9063120493D+04    0.9242985180D+08    0.4706069833D+12    0.4746839294D+10
    0.1007132404D+03    0.9060790868D+04    0.9241610725D+08    0.4706091765D+12    0.4769577984D+10
    0.1007159514D+03    0.9058462696D+04    0.9240177660D+08    0.4706053140D+12    0.4790983146D+10
    0.1007186632D+03    0.9056137342D+04    0.9238686928D+08    0.4705954072D+12    0.4811044374D+10
    0.1007213759D+03    0.9053816098D+04    0.9237139431D+08    0.4705794675D+12    0.4829752428D+10
    0.1007240893D+03    0.9051500057D+04    0.9235535896D+08    0.4705575013D+12    0.4847099074D+10
    0.1007268034D+03    0.9049190238D+04    0.9233877008D+08    0.4705295154D+12    0.4863077994D+10
    0.1007295181D+03    0.9046887344D+04    0.9232163167D+08    0.4704955064D+12    0.4877683467D+10
    0.1007322334D+03    0.9044592006D+04    0.9230394726D+08    0.4704554718D+12    0.4890911995D+10
    0.1007349492D+03    0.9042304536D+04    0.9228571748D+08    0.4704093987D+12    0.4902761292D+10
    0.1007376655D+03    0.9040025057D+04    0.9226694140D+08    0.4703572707D+12    0.4913231987D+10
    0.1007403821D+03    0.9037753397D+04    0.9224761537D+08    0.4702990614D+12    0.4922325048D+10
    0.1007430990D+03    0.9035489271D+04    0.9222773493D+08    0.4702347439D+12    0.4930043874D+10
    0.1007458162D+03    0.9033232228D+04    0.9220729430D+08    0.4701642879D+12    0.4936392729D+10
    0.1007485336D+03    0.9030981705D+04    0.9218628687D+08    0.4700876612D+12    0.4941376748D+10
    0.1007512511D+03    0.9028737076D+04    0.9216470573D+08    0.4700048330D+12    0.4945002155D+10
    0.1007539687D+03    0.9026497619D+04    0.9214254335D+08    0.4699157711D+12    0.4947275157D+10
    0.1007566863D+03    0.9024262632D+04    0.9211979273D+08    0.4698204481D+12    0.4948203235D+10
    0.1007594038D+03    0.9022031349D+04    0.9209644655D+08    0.4697188367D+12    0.4947793551D+10
    0.1007621212D+03    0.9019803030D+04    0.9207249810D+08    0.4696109144D+12    0.4946054109D+10
    0.1007648384D+03    0.9017576909D+04    0.9204794075D+08    0.4694966605D+12    0.4942992747D+10
    0.1007675554D+03    0.9015352213D+04    0.9202276814D+08    0.4693760573D+12    0.4938617435D+10
    0.1007702721D+03    0.9013128244D+04    0.9199697500D+08    0.4692490939D+12    0.4932937321D+10
    0.1007729884D+03    0.9010904219D+04    0.9197055552D+08    0.4691157583D+12    0.4925960390D+10
    0.1007757044D+03    0.9008679411D+04    0.9194350477D+08    0.4689760442D+12    0.4917695614D+10
    0.1007784198D+03    0.9006453098D+04    0.9191581824D+08    0.4688299491D+12    0.4908152201D+10
    0.1007811347D+03    0.9004224546D+04    0.9188749161D+08    0.4686774727D+12    0.4897339250D+10
    0.1007838491D+03    0.9001993043D+04    0.9185852108D+08    0.4685186189D+12    0.4885266393D+10
    0.1007865627D+03    0.8999757859D+04    0.9182890299D+08    0.4683533936D+12    0.4871943144D+10
    0.1007892757D+03    0.8997518287D+04    0.9179863423D+08    0.4681818069D+12    0.4857379468D+10
    0.1007919879D+03    0.8995273616D+04    0.9176771194D+08    0.4680038716D+12    0.4841585488D+10
    0.1007946994D+03    0.8993023154D+04    0.9173613376D+08    0.4678196041D+12    0.4824571644D+10
    0.1007974099D+03    0.8990766191D+04    0.9170389745D+08    0.4676290231D+12    0.4806348306D+10
    0.1008001195D+03    0.8988502042D+04    0.9167100128D+08    0.4674321509D+12    0.4786926186D+10
    0.1008028282D+03    0.8986230036D+04    0.9163744398D+08    0.4672290132D+12    0.4766316305D+10
    0.1008055358D+03    0.8983949502D+04    0.9160322453D+08    0.4670196385D+12    0.4744529670D+10
    0.1008082423D+03    0.8981659791D+04    0.9156834243D+08    0.4668040588D+12    0.4721577536D+10
    0.1008109477D+03    0.8979360258D+04    0.9153279744D+08    0.4665823085D+12    0.4697471127D+10
    0.1008136520D+03    0.8977050290D+04    0.9149658995D+08    0.4663544261D+12    0.4672221950D+10
    0.1008163549D+03    0.8974729305D+04    0.9145972088D+08    0.4661204540D+12    0.4645841810D+10
    0.1008190566D+03    0.8972396704D+04    0.9142219122D+08    0.4658804358D+12    0.4618341979D+10
    0.1008217570D+03    0.8970051966D+04    0.9138400300D+08    0.4656344209D+12    0.4589734545D+10
    0.1008244560D+03    0.8967694565D+04    0.9134515841D+08    0.4653824607D+12    0.4560031199D+10
    0.1008271535D+03    0.8965324005D+04    0.9130566020D+08    0.4651246097D+12    0.4529243608D+10
    0.1008298496D+03    0.8962939842D+04    0.9126551179D+08    0.4648609270D+12    0.4497383792D+10
    0.1008325442D+03    0.8960541663D+04    0.9122471719D+08    0.4645914747D+12    0.4464463648D+10
    0.1008352371D+03    0.8958129077D+04    0.9118328077D+08    0.4643163179D+12    0.4430494857D+10
    0.1008379285D+03    0.8955701753D+04    0.9114120775D+08    0.4640355258D+12    0.4395489383D+10
    0.1008406182D+03    0.8953259389D+04    0.9109850378D+08    0.4637491708D+12    0.4359458916D+10
    0.1008433061D+03    0.8950801736D+04    0.9105517523D+08    0.4634573290D+12    0.4322415296D+10
    0.1008459924D+03    0.8948328583D+04    0.9101122902D+08    0.4631600797D+12    0.4284370155D+10
    0.1008486768D+03    0.8945839765D+04    0.9096667270D+08    0.4628575057D+12    0.4245335083D+10
    0.1008513594D+03    0.8943335176D+04    0.9092151454D+08    0.4625496936D+12    0.4205321766D+10
    0.1008540401D+03    0.8940814745D+04    0.9087576333D+08    0.4622367329D+12    0.4164341550D+10
    0.1008567189D+03    0.8938278445D+04    0.9082942840D+08    0.4619187161D+12    0.4122405637D+10
    0.1008593957D+03    0.8935726332D+04    0.9078252007D+08    0.4615957404D+12    0.4079525675D+10
    0.1008620705D+03    0.8933158475D+04    0.9073504888D+08    0.4612679046D+12    0.4035712596D+10
    0.1008647433D+03    0.8930575009D+04    0.9068702618D+08    0.4609353115D+12    0.3990977496D+10
    0.1008674140D+03    0.8927976131D+04    0.9063846399D+08    0.4605980671D+12    0.3945331543D+10
    0.1008700826D+03    0.8925362057D+04    0.9058937466D+08    0.4602562794D+12    0.3898785335D+10
    0.1008727490D+03    0.8922733090D+04    0.9053977146D+08    0.4599100607D+12    0.3851349958D+10
    0.1008754132D+03    0.8920089556D+04    0.9048966799D+08    0.4595595249D+12    0.3803035993D+10
    0.1008780752D+03    0.8917431829D+04    0.9043907838D+08    0.4592047886D+12    0.3753853932D+10
    0.1008807349D+03    0.8914760350D+04    0.9038801751D+08    0.4588459720D+12    0.3703814536D+10
    0.1008833923D+03    0.8912075589D+04    0.9033650058D+08    0.4584831968D+12    0.3652928234D+10
    0.1008860473D+03    0.8909378062D+04    0.9028454330D+08    0.4581165872D+12    0.3601205337D+10
    0.1008887000D+03    0.8906668331D+04    0.9023216190D+08    0.4577462695D+12    0.3548656296D+10
    0.1008913503D+03    0.8903947001D+04    0.9017937303D+08    0.4573723724D+12    0.3495291474D+10
    0.1008939981D+03    0.8901214699D+04    0.9012619361D+08    0.4569950254D+12    0.3441120915D+10
    0.1008966435D+03    0.8898472125D+04    0.9007264130D+08    0.4566143617D+12    0.3386155260D+10
    0.1008992863D+03    0.8895719969D+04    0.9001873366D+08    0.4562305138D+12    0.3330404432D+10
    0.1009019266D+03    0.8892958991D+04    0.8996448894D+08    0.4558436174D+12    0.3273878924D+10
    0.1009045643D+03    0.8890189968D+04    0.8990992557D+08    0.4554538088D+12    0.3216589033D+10
    0.1009071995D+03    0.8887413690D+04    0.8985506209D+08    0.4550612249D+12    0.3158544896D+10
    0.1009098320D+03    0.8884631003D+04    0.8979991757D+08    0.4546660047D+12    0.3099757113D+10
    0.1009124618D+03    0.8881842749D+04    0.8974451103D+08    0.4542682869D+12    0.3040235924D+10
    0.1009150889D+03    0.8879049812D+04    0.8968886186D+08    0.4538682118D+12    0.2979992032D+10
    0.1009177134D+03    0.8876253085D+04    0.8963298951D+08    0.4534659200D+12    0.2919036033D+10
    0.1009203350D+03    0.8873453474D+04    0.8957691351D+08    0.4530615518D+12    0.2857378583D+10
    0.1009229539D+03    0.8870651901D+04    0.8952065350D+08    0.4526552481D+12    0.2795030483D+10
    0.1009255700D+03    0.8867849314D+04    0.8946422933D+08    0.4522471507D+12    0.2732002914D+10
    0.1009281833D+03    0.8865046650D+04    0.8940766065D+08    0.4518374000D+12    0.2668306848D+10
    0.1009307937D+03    0.8862244861D+04    0.8935096724D+08    0.4514261370D+12    0.2603953563D+10
    0.1009334013D+03    0.8859444913D+04    0.8929416892D+08    0.4510135023D+12    0.2538954669D+10
    0.1009360059D+03    0.8856647771D+04    0.8923728542D+08    0.4505996364D+12    0.2473321851D+10
    0.1009386076D+03    0.8853854383D+04    0.8918033622D+08    0.4501846776D+12    0.2407066705D+10
    0.1009412064D+03    0.8851065732D+04    0.8912334108D+08    0.4497687661D+12    0.2340201640D+10
    0.1009438021D+03    0.8848282761D+04    0.8906631925D+08    0.4493520388D+12    0.2272738614D+10
    0.1009463949D+03    0.8845506449D+04    0.8900929026D+08    0.4489346340D+12    0.2204690478D+10
    0.1009489847D+03    0.8842737727D+04    0.8895227307D+08    0.4485166866D+12    0.2136069637D+10
    0.1009515714D+03    0.8839977557D+04    0.8889528684D+08    0.4480983326D+12    0.2066889300D+10
    0.1009541551D+03    0.8837226877D+04    0.8883835036D+08    0.4476797058D+12    0.1997162622D+10
    0.1009567357D+03    0.8834486614D+04    0.8878148224D+08    0.4472609387D+12    0.1926903038D+10
    0.1009593133D+03    0.8831757696D+04    0.8872470099D+08    0.4468421631D+12    0.1856124368D+10
    0.1009618877D+03    0.8829041041D+04    0.8866802487D+08    0.4464235092D+12    0.1784840645D+10
    0.1009644590D+03    0.8826337528D+04    0.8861147165D+08    0.4460051048D+12    0.1713065811D+10
    0.1009670271D+03    0.8823648065D+04    0.8855505930D+08    0.4455870778D+12    0.1640814635D+10
    0.1009695921D+03    0.8820973528D+04    0.8849880531D+08    0.4451695540D+12    0.1568101853D+10
    0.1009721539D+03    0.8818314787D+04    0.8844272699D+08    0.4447526576D+12    0.1494942588D+10
    0.1009747125D+03    0.8815672673D+04    0.8838684115D+08    0.4443365101D+12    0.1421351813D+10
    0.1009772679D+03    0.8813048038D+04    0.8833116466D+08    0.4439212330D+12    0.1347345355D+10
    0.1009798201D+03    0.8810441702D+04    0.8827571397D+08    0.4435069455D+12    0.1272939074D+10
    0.1009823691D+03    0.8807854459D+04    0.8822050510D+08    0.4430937639D+12    0.1198148853D+10
    0.1009849148D+03    0.8805287113D+04    0.8816555404D+08    0.4426818046D+12    0.1122991370D+10
    0.1009874573D+03    0.8802740422D+04    0.8811087622D+08    0.4422711803D+12    0.1047483067D+10
    0.1009899965D+03    0.8800215145D+04    0.8805648689D+08    0.4418620030D+12    0.9716409600D+09
    0.1009925324D+03    0.8797712021D+04    0.8800240099D+08    0.4414543822D+12    0.8954822686D+09
